1 1
2 1
3 1
4 1
5 1
6 1
7 1
8 1
9 1
10 0.9998
11 0.9979
12 0.9932
13 0.985
14 0.9737
15 0.9566
16 0.9244
17 0.8987
18 0.862
19 0.8276
20 0.7831
21 0.7359
22 0.6945
23 0.6587
24 0.6029
25 0.5568
26 0.5228
27 0.4801
28 0.4425
29 0.4078
30 0.366
31 0.34
32 0.3118
33 0.2832
34 0.2574
35 0.2213
36 0.2106
37 0.1929
38 0.1703
39 0.1668
40 0.1345
41 0.1274
42 0.1211
43 0.1051
44 0.0958
45 0.0894
46 0.0797
47 0.0661
48 0.065
49 0.0571
50 0.0504
51 0.0428
52 0.042
53 0.0367
54 0.0299
55 0.0293
56 0.0276
57 0.0225
58 0.0232
59 0.021
60 0.0191
61 0.0172
62 0.0134
63 0.0121
64 0.0129
65 0.0093
66 0.0097
67 0.0082
68 0.0076
69 0.0067
70 0.0073
71 0.0069
72 0.0056
73 0.0051
74 0.0043
75 0.004
76 0.0034
77 0.0034
78 0.0024
79 0.0024
80 0.0021
81 0.0018
82 0.0018
83 0.0021
84 0.0013
85 0.002
86 0.0008
87 0.001
88 0.0008
89 0.001
90 0.0007
91 0.0007
92 0.0006
93 0.0005
94 0.0004
95 0.0004
96 0.0004
97 0.0005
98 0.0004
99 0.0006
