1 1
2 1
3 1
4 0.906
5 0.7647
6 0.6115
7 0.4872
8 0.3794
9 0.2871
10 0.2174
11 0.1726
12 0.1244
13 0.0942
14 0.0717
15 0.054
16 0.0397
17 0.0296
18 0.0216
19 0.0158
20 0.0112
21 0.0099
22 0.0071
23 0.0052
24 0.0046
25 0.0016
26 0.002
27 0.0018
28 0.0015
29 0.0009
30 0.0004
31 0.0004
32 0.0005
33 0.0002
34 0.0004
35 0.0003
36 0
37 0.0001
38 0
39 0.0001
40 0
41 0
42 0.0001
43 0
44 0
45 0
46 0
47 0
48 0
49 0
50 0
51 0
52 0
53 0
54 0
55 0
56 0
57 0
58 0
59 0
60 0
61 0
62 0
63 0
64 0
65 0
66 0
67 0
68 0
69 0
70 0
71 0
72 0
73 0
74 0
75 0
76 0
77 0
78 0
79 0
80 0
81 0
82 0
83 0
84 0
85 0
86 0
87 0
88 0
89 0
90 0
91 0
92 0
93 0
94 0
95 0
96 0
97 0
98 0
99 0
