1 1
2 1
3 1
4 1
5 0.9635
6 0.8874
7 0.7871
8 0.6817
9 0.5827
10 0.4662
11 0.3911
12 0.3248
13 0.2692
14 0.2103
15 0.1703
16 0.1402
17 0.1116
18 0.0907
19 0.0732
20 0.0595
21 0.0489
22 0.0365
23 0.0298
24 0.0219
25 0.0176
26 0.0174
27 0.0127
28 0.0098
29 0.0087
30 0.0059
31 0.0051
32 0.0053
33 0.003
34 0.0023
35 0.0025
36 0.0015
37 0.0013
38 0.0008
39 0.001
40 0.0006
41 0.0004
42 0.0004
43 0.0005
44 0.0003
45 0
46 0.0003
47 0
48 0.0001
49 0.0002
50 0
51 0
52 0.0002
53 0.0001
54 0
55 0.0001
56 0
57 0
58 0
59 0
60 0
61 0.0001
62 0
63 0
64 0
65 0
66 0
67 0
68 0
69 0
70 0
71 0
72 0
73 0
74 0
75 0
76 0
77 0
78 0
79 0
80 0
81 0
82 0
83 0
84 0
85 0
86 0
87 0
88 0
89 0
90 0
91 0
92 0
93 0
94 0
95 0
96 0
97 0
98 0
99 0
