1 1
2 1
3 1
4 1
5 1
6 0.986
7 0.946
8 0.8862
9 0.8069
10 0.7275
11 0.6483
12 0.5645
13 0.4904
14 0.4107
15 0.3524
16 0.2981
17 0.2518
18 0.2139
19 0.1805
20 0.1525
21 0.125
22 0.1056
23 0.0857
24 0.0774
25 0.0645
26 0.0525
27 0.0447
28 0.0383
29 0.0284
30 0.0264
31 0.0199
32 0.0167
33 0.0139
34 0.0107
35 0.0093
36 0.0092
37 0.009
38 0.0071
39 0.0058
40 0.0038
41 0.0027
42 0.0033
43 0.0029
44 0.0016
45 0.0017
46 0.0015
47 0.0007
48 0.0004
49 0.0012
50 0.0005
51 0.0004
52 0.0001
53 0.0002
54 0.0006
55 0.0004
56 0.0001
57 0
58 0
59 0
60 0.0003
61 0.0002
62 0.0002
63 0.0001
64 0
65 0.0001
66 0
67 0
68 0
69 0.0001
70 0
71 0.0001
72 0
73 0
74 0
75 0.0001
76 0
77 0
78 0
79 0
80 0
81 0
82 0
83 0
84 0
85 0
86 0
87 0
88 0
89 0
90 0
91 0
92 0
93 0
94 0
95 0
96 0
97 0
98 0
99 0
