1 1
2 1
3 1
4 1
5 1
6 1
7 0.995
8 0.9754
9 0.9391
10 0.8934
11 0.834
12 0.771
13 0.7014
14 0.6302
15 0.561
16 0.5005
17 0.4372
18 0.3826
19 0.3342
20 0.2973
21 0.2515
22 0.2158
23 0.1935
24 0.1759
25 0.1443
26 0.1196
27 0.1105
28 0.0935
29 0.0732
30 0.07
31 0.0567
32 0.0482
33 0.0419
34 0.034
35 0.0312
36 0.0257
37 0.0226
38 0.02
39 0.0175
40 0.0149
41 0.0126
42 0.0109
43 0.0084
44 0.0081
45 0.0061
46 0.0051
47 0.0052
48 0.0032
49 0.0036
50 0.0029
51 0.0028
52 0.002
53 0.0019
54 0.001
55 0.0012
56 0.0012
57 0.0008
58 0.0012
59 0.0006
60 0.0007
61 0.0004
62 0.0006
63 0.0004
64 0.0004
65 0.0003
66 0.0003
67 0.0001
68 0.0004
69 0
70 0.0002
71 0
72 0.0001
73 0.0001
74 0
75 0
76 0.0002
77 0
78 0
79 0.0001
80 0
81 0.0001
82 0
83 0
84 0
85 0
86 0
87 0
88 0
89 0
90 0
91 0
92 0
93 0
94 0
95 0
96 0
97 0
98 0
99 0
