1 1
2 1
3 1
4 1
5 1
6 1
7 1
8 0.997
9 0.9892
10 0.9725
11 0.9482
12 0.9053
13 0.8619
14 0.8101
15 0.7444
16 0.6989
17 0.6365
18 0.5843
19 0.5182
20 0.4781
21 0.4248
22 0.3737
23 0.3366
24 0.3026
25 0.2579
26 0.2241
27 0.2104
28 0.1812
29 0.1632
30 0.1405
31 0.1233
32 0.1022
33 0.1018
34 0.0809
35 0.0701
36 0.0605
37 0.052
38 0.0483
39 0.0421
40 0.0423
41 0.0344
42 0.0305
43 0.0286
44 0.0215
45 0.0219
46 0.0155
47 0.0175
48 0.0134
49 0.0124
50 0.009
51 0.0079
52 0.0058
53 0.0074
54 0.0055
55 0.0055
56 0.0048
57 0.004
58 0.0037
59 0.0029
60 0.0027
61 0.0017
62 0.0018
63 0.0012
64 0.0019
65 0.0014
66 0.0009
67 0.0016
68 0.0008
69 0.0009
70 0.0007
71 0.0006
72 0.0005
73 0.0006
74 0.0005
75 0.0004
76 0.0003
77 0.0004
78 0.0002
79 0.0002
80 0.0001
81 0.0003
82 0.0001
83 0.0001
84 0.0001
85 0.0001
86 0.0003
87 0.0001
88 0
89 0.0001
90 0
91 0.0002
92 0
93 0.0001
94 0.0001
95 0
96 0
97 0
98 0
99 0
