1 1
2 1
3 1
4 1
5 1
6 1
7 1
8 1
9 0.9991
10 0.9943
11 0.9861
12 0.9699
13 0.9463
14 0.9195
15 0.8772
16 0.8389
17 0.7857
18 0.7431
19 0.6919
20 0.6335
21 0.5938
22 0.5381
23 0.4887
24 0.4539
25 0.413
26 0.3731
27 0.338
28 0.3053
29 0.2692
30 0.2451
31 0.2233
32 0.1994
33 0.1736
34 0.1495
35 0.1462
36 0.1305
37 0.11
38 0.099
39 0.0874
40 0.0766
41 0.0701
42 0.0601
43 0.0548
44 0.048
45 0.0424
46 0.0369
47 0.0351
48 0.0333
49 0.032
50 0.0234
51 0.0231
52 0.02
53 0.0163
54 0.0147
55 0.0127
56 0.0108
57 0.0103
58 0.0086
59 0.0091
60 0.0081
61 0.0067
62 0.0065
63 0.0056
64 0.0046
65 0.0035
66 0.0038
67 0.0034
68 0.0026
69 0.0034
70 0.0024
71 0.0012
72 0.0022
73 0.0016
74 0.0016
75 0.0007
76 0.001
77 0.001
78 0.0008
79 0.0008
80 0.0009
81 0.0006
82 0.0003
83 0.0003
84 0.0005
85 0.0004
86 0.0004
87 0.0004
88 0.0006
89 0.0002
90 0.0005
91 0.0003
92 0.0001
93 0.0004
94 0.0002
95 0.0001
96 0.0004
97 0.0004
98 0.0001
99 0.0001
