1 0.198456 1
2 0.19962 1
3 0.194996 0.9588
4 0.201056 0.818623
5 0.20149 0.650042
6 0.201839 0.531752
7 0.201232 0.497975
8 0.198488 0.461412
9 0.196176 0.404055
10 0.201386 0.384736
11 0.200232 0.354787
12 0.202652 0.340907
13 0.197582 0.327281
14 0.194166 0.30914
15 0.197415 0.294896
16 0.198763 0.285047
17 0.197433 0.284237
18 0.18078 0.277142
19 0.200426 0.25849
20 0.241245 0.369716
21 0.195672 0.242912
22 0.230953 0.34635
23 0.198604 0.225191
24 0.199368 0.20667
25 0.19862 0.199308
26 0.200136 0.239908
27 0.196483 0.207073
28 0.197434 0.183647
29 0.197476 0.176718
30 0.203573 0.151874
31 0.249558 0.285735
32 0.191672 0.161615
33 0.194643 0.159749
34 0.197949 0.159749
35 0.181967 0.140384
36 0.197559 0.13512
37 0.190055 0.166472
38 0.20427 0.149913
39 0.194949 0.139622
40 0.18554 0.135472
41 0.193559 0.122599
42 0.199846 0.124182
43 0.202328 0.134132
44 0.202445 0.141284
45 0.202748 0.149537
46 0.199886 0.150808
47 0.197385 0.16397
48 0.201961 0.109076
49 0.193694 0.123568
50 0.195297 0.135187
51 0.196426 0.118811
52 0.202456 0.111751
53 0.200858 0.0958409
54 0.21674 0.176555
55 0.204275 0.100283
56 0.199357 0.101479
57 0.20005 0.0917265
58 0.199858 0.100978
59 0.202956 0.0998533
60 0.191357 0.0876911
61 0.181631 0.100946
62 0.194441 0.0933817
63 0.200703 0.0851706
64 0.190646 0.090446
65 0.19865 0.0705542
66 0.193922 0.099091
67 0.197202 0.0994804
68 0.19512 0.08829
69 0.201723 0.0761442
70 0.19805 0.0687192
71 0.192942 0.0738168
72 0.194734 0.0731214
73 0.200339 0.0791473
74 0.201079 0.0963229
75 0.19943 0.0751274
76 0.195998 0.0723218
77 0.198958 0.0844
78 0.196872 0.0697069
1 0.198456 1
2 0.19962 1
3 0.194996 0.9588
4 0.201056 0.818623
5 0.20149 0.650042
6 0.201839 0.531752
7 0.201232 0.497975
8 0.198488 0.461412
9 0.196176 0.404055
10 0.201386 0.384736
11 0.200232 0.354787
12 0.202652 0.340907
13 0.197582 0.327281
14 0.194166 0.30914
15 0.197415 0.294896
16 0.198763 0.285047
17 0.197433 0.284237
18 0.18078 0.277142
19 0.200426 0.25849
20 0.241245 0.369716
21 0.195672 0.242912
22 0.230953 0.34635
23 0.198604 0.225191
24 0.199368 0.20667
25 0.19862 0.199308
26 0.200136 0.239908
27 0.196483 0.207073
28 0.197434 0.183647
29 0.197476 0.176718
30 0.203573 0.151874
31 0.249558 0.285735
32 0.191672 0.161615
33 0.194643 0.159749
34 0.197949 0.159749
35 0.181967 0.140384
36 0.197559 0.13512
37 0.190055 0.166472
38 0.20427 0.149913
39 0.194949 0.139622
40 0.18554 0.135472
41 0.193559 0.122599
42 0.199846 0.124182
43 0.202328 0.134132
44 0.202445 0.141284
45 0.202748 0.149537
46 0.199886 0.150808
47 0.197385 0.16397
48 0.201961 0.109076
49 0.193694 0.123568
50 0.195297 0.135187
51 0.196426 0.118811
52 0.202456 0.111751
53 0.200858 0.0958409
54 0.21674 0.176555
55 0.204275 0.100283
56 0.199357 0.101479
57 0.20005 0.0917265
58 0.199858 0.100978
59 0.202956 0.0998533
60 0.191357 0.0876911
61 0.181631 0.100946
62 0.194441 0.0933817
63 0.200703 0.0851706
64 0.190646 0.090446
65 0.19865 0.0705542
66 0.193922 0.099091
67 0.197202 0.0994804
68 0.19512 0.08829
69 0.201723 0.0761442
70 0.19805 0.0687192
71 0.192942 0.0738168
72 0.194734 0.0731214
73 0.200339 0.0791473
74 0.201079 0.0963229
75 0.19943 0.0751274
76 0.195998 0.0723218
77 0.198958 0.0844
78 0.196872 0.0697069
1 0.19888 1
2 0.201763 1
3 0.192776 0.924016
4 0.191033 0.854933
5 0.198899 0.70561
6 0.198804 0.619593
7 0.202179 0.473371
8 0.200035 0.453701
9 0.193535 0.41207
10 0.199409 0.391871
11 0.198977 0.370305
12 0.198588 0.348124
13 0.199978 0.352672
14 0.202722 0.306171
15 0.199828 0.285816
16 0.200664 0.308322
17 0.192834 0.268471
18 0.201839 0.254588
19 0.179063 0.232151
20 0.192043 0.242172
21 0.193465 0.267474
22 0.20181 0.234063
23 0.199656 0.242149
24 0.195187 0.224313
25 0.202498 0.18584
26 0.191378 0.204841
27 0.197539 0.203009
28 0.19037 0.174311
29 0.200302 0.176277
30 0.197458 0.177192
31 0.194116 0.188687
32 0.256571 0.252191
33 0.193702 0.168848
34 0.192796 0.158157
35 0.196533 0.175401
36 0.196138 0.163523
37 0.203414 0.150779
38 0.201871 0.159593
39 0.198849 0.162023
40 0.197499 0.148342
41 0.197179 0.174618
42 0.198467 0.132953
43 0.194312 0.137827
44 0.193974 0.158086
45 0.199234 0.140184
46 0.200119 0.116889
47 0.199837 0.156325
48 0.185004 0.111514
49 0.200867 0.127529
50 0.196147 0.111498
51 0.183895 0.124681
52 0.201613 0.118329
53 0.202406 0.104336
54 0.177966 0.106975
55 0.198783 0.106688
56 0.197532 0.088913
57 0.197787 0.101971
58 0.187267 0.111261
59 0.196528 0.105209
60 0.203274 0.0896926
61 0.197374 0.102205
62 0.195971 0.0776014
63 0.19466 0.0791134
64 0.197957 0.0850869
65 0.19598 0.0975625
66 0.195453 0.0880738
67 0.196228 0.0888881
68 0.190924 0.0818865
69 0.197737 0.0734478
70 0.19517 0.0742884
71 0.19894 0.0921388
72 0.197746 0.0875246
73 0.19196 0.085848
74 0.198286 0.0761783
75 0.196683 0.0701653
76 0.18504 0.0789522
77 0.198509 0.0672338
78 0.199885 0.0747766
1 0.261229 1
2 0.17486 1
3 0.190652 0.94287
4 0.187699 0.808001
5 0.197244 0.70134
6 0.199052 0.573788
7 0.199565 0.479022
8 0.178263 0.453846
9 0.195875 0.428484
10 0.199786 0.380712
11 0.176625 0.3829
12 0.193802 0.345018
13 0.197464 0.33881
14 0.180411 0.315667
15 0.201961 0.290946
16 0.190637 0.285096
17 0.193876 0.248945
18 0.252455 0.387899
19 0.20065 0.243919
20 0.193521 0.231603
21 0.197495 0.243044
22 0.199434 0.255182
23 0.199675 0.214682
24 0.192547 0.20958
25 0.201416 0.216448
26 0.200138 0.195314
27 0.225323 0.296716
28 0.201459 0.151464
29 0.194874 0.186469
30 0.194907 0.170352
31 0.193516 0.188595
32 0.201887 0.161222
33 0.189111 0.172768
34 0.201538 0.161566
35 0.196485 0.154391
36 0.204463 0.149146
37 0.187764 0.181797
38 0.197895 0.166347
39 0.191009 0.155869
40 0.19991 0.129807
41 0.188863 0.141225
42 0.22358 0.21031
43 0.235909 0.207337
44 0.199539 0.128244
45 0.183665 0.131628
46 0.190764 0.137358
47 0.197978 0.106241
48 0.201268 0.126355
49 0.197023 0.123461
50 0.202031 0.101729
51 0.196502 0.137708
52 0.200041 0.103018
53 0.191304 0.105362
54 0.200054 0.10387
55 0.190688 0.0856641
56 0.202459 0.098303
57 0.19076 0.125813
58 0.199618 0.0787231
59 0.200634 0.0899991
60 0.193461 0.0911074
61 0.199309 0.103042
62 0.198336 0.109012
63 0.199 0.0991721
64 0.186546 0.0848357
65 0.192822 0.0966984
66 0.20106 0.105522
67 0.202409 0.0866996
68 0.19404 0.0966903
69 0.169959 0.0688146
70 0.198464 0.0555881
71 0.198231 0.0785873
72 0.214258 0.124795
73 0.203421 0.0709601
74 0.196254 0.078375
75 0.195114 0.0827708
76 0.195111 0.0742969
77 0.190232 0.0864827
78 0.200088 0.0726573
1 0.196174 1
2 0.201527 1
3 0.201719 0.953552
4 0.184584 0.821781
5 0.181852 0.646842
6 0.194824 0.587456
7 0.18912 0.487267
8 0.199452 0.469437
9 0.188522 0.442633
10 0.186044 0.381264
11 0.233708 0.613681
12 0.20094 0.358096
13 0.197129 0.315527
14 0.199253 0.309482
15 0.199311 0.363638
16 0.199871 0.305366
17 0.204321 0.277884
18 0.196214 0.275714
19 0.193043 0.247152
20 0.193798 0.228776
21 0.190589 0.256865
22 0.200652 0.210528
23 0.191795 0.224812
24 0.183087 0.221269
25 0.195794 0.206802
26 0.199511 0.209599
27 0.200418 0.211468
28 0.200023 0.179985
29 0.200054 0.193542
30 0.195422 0.187415
31 0.194815 0.180361
32 0.199526 0.179494
33 0.192347 0.161215
34 0.196231 0.180408
35 0.196357 0.165157
36 0.196828 0.176602
37 0.199576 0.133291
38 0.200937 0.160764
39 0.191427 0.152176
40 0.200102 0.117403
41 0.198559 0.126485
42 0.190056 0.13211
43 0.193461 0.125446
44 0.193743 0.115013
45 0.201597 0.127156
46 0.266917 0.206828
47 0.196244 0.122391
48 0.191624 0.105546
49 0.180566 0.115506
50 0.200082 0.117037
51 0.196933 0.106848
52 0.198597 0.117185
53 0.197733 0.102011
54 0.20163 0.102817
55 0.194363 0.103396
56 0.200668 0.104167
57 0.195241 0.102986
58 0.196677 0.0978556
59 0.18836 0.081583
60 0.1989 0.105306
61 0.196876 0.092773
62 0.199254 0.0868914
63 0.192841 0.0866078
64 0.201867 0.100396
65 0.198946 0.0951946
66 0.188188 0.0793592
67 0.163656 0.0944162
68 0.199035 0.0901398
69 0.200042 0.070727
70 0.18832 0.0772865
71 0.200196 0.0811273
72 0.199849 0.0698886
73 0.200846 0.102543
74 0.199936 0.0697674
75 0.19032 0.0728894
76 0.202526 0.0988555
77 0.193867 0.0694731
78 0.193004 0.0586375
1 0.199743 1
2 0.199029 1
3 0.199424 0.962706
4 0.19754 0.847826
5 0.203604 0.940567
6 0.196721 0.590173
7 0.197474 0.495918
8 0.200473 0.42701
9 0.198641 0.408145
10 0.197398 0.372721
11 0.20251 0.388519
12 0.194225 0.344034
13 0.198523 0.31714
14 0.198967 0.315744
15 0.203806 0.304807
16 0.202123 0.266324
17 0.202306 0.302275
18 0.178544 0.249807
19 0.199153 0.261349
20 0.20027 0.246477
21 0.200068 0.25357
22 0.198776 0.223404
23 0.182211 0.229346
24 0.201541 0.222715
25 0.198003 0.207387
26 0.199294 0.239919
27 0.183775 0.203803
28 0.191028 0.176277
29 0.193814 0.184106
30 0.198975 0.164005
31 0.19957 0.193073
32 0.199416 0.157142
33 0.189764 0.161552
34 0.198187 0.155512
35 0.181627 0.170758
36 0.199121 0.163467
37 0.184361 0.151759
38 0.200423 0.137998
39 0.198392 0.151356
40 0.197135 0.12363
41 0.198723 0.131507
42 0.188287 0.138154
43 0.184553 0.139763
44 0.194325 0.137663
45 0.198831 0.132261
46 0.197467 0.147994
47 0.180979 0.113876
48 0.186329 0.120871
49 0.199657 0.125102
50 0.198641 0.123583
51 0.200127 0.116842
52 0.198794 0.107987
53 0.194717 0.126195
54 0.197854 0.0965679
55 0.189577 0.112673
56 0.199226 0.0909421
57 0.196894 0.111269
58 0.201281 0.113129
59 0.201089 0.112956
60 0.200606 0.0890375
61 0.202951 0.0961678
62 0.198591 0.0934721
63 0.184976 0.127415
64 0.193992 0.0825941
65 0.177281 0.0885393
66 0.200426 0.0804513
67 0.193547 0.095039
68 0.198297 0.0943424
69 0.191048 0.0780521
70 0.202068 0.0702431
71 0.192306 0.0771758
72 0.196845 0.0921883
73 0.196578 0.0811273
74 0.198257 0.0750076
75 0.189886 0.0695078
76 0.191064 0.0687279
77 0.200047 0.0703296
78 0.198447 0.0769202
1 0.195019 1
2 0.202826 1
3 0.192146 0.942008
4 0.194035 0.844222
5 0.200072 0.689812
6 0.199411 0.568362
7 0.189942 0.471011
8 0.199714 0.458083
9 0.173884 0.401395
10 0.195637 0.384898
11 0.19483 0.348664
12 0.185625 0.342608
13 0.199174 0.339741
14 0.199916 0.344074
15 0.189023 0.280617
16 0.19562 0.306032
17 0.191823 0.273594
18 0.196371 0.268369
19 0.199118 0.244142
20 0.198659 0.26148
21 0.198374 0.22793
22 0.197907 0.217674
23 0.201578 0.222999
24 0.201963 0.220978
25 0.190584 0.229335
26 0.198419 0.198988
27 0.192346 0.204664
28 0.200728 0.207192
29 0.199338 0.198114
30 0.19317 0.199821
31 0.190648 0.150563
32 0.192731 0.173027
33 0.185601 0.198808
34 0.172301 0.150786
35 0.240912 0.249204
36 0.201706 0.159212
37 0.198284 0.169042
38 0.190498 0.159162
39 0.198351 0.136405
40 0.196232 0.163236
41 0.194982 0.132539
42 0.195434 0.147122
43 0.196905 0.12724
44 0.182344 0.128981
45 0.200852 0.143784
46 0.196849 0.146014
47 0.202329 0.130835
48 0.189048 0.115702
49 0.176581 0.108996
50 0.198343 0.126096
51 0.198546 0.101842
52 0.193821 0.131009
53 0.177783 0.12293
54 0.195878 0.11766
55 0.198248 0.0940224
56 0.188763 0.0969921
57 0.183052 0.102463
58 0.193427 0.115467
59 0.265732 0.154806
60 0.197546 0.0943916
61 0.194681 0.0887552
62 0.197537 0.0874664
63 0.193263 0.0960779
64 0.207212 0.128244
65 0.195152 0.080688
66 0.19117 0.0917183
67 0.200826 0.0950554
68 0.196065 0.0856892
69 0.195906 0.0742969
70 0.185611 0.0816252
71 0.203913 0.0811273
72 0.198304 0.0705974
73 0.197882 0.0811526
74 0.201417 0.0714518
75 0.192051 0.0806458
76 0.200324 0.0720377
77 0.195308 0.0708996
78 0.20352 0.0632757
1 0.215718 1
2 0.202296 1
3 0.144072 0.958337
4 0.200853 0.831266
5 0.202843 0.673247
6 0.2021 0.594542
7 0.199921 0.491882
8 0.185815 0.446496
9 0.197638 0.408343
10 0.195589 0.413115
11 0.199918 0.364936
12 0.202627 0.373235
13 0.200924 0.333378
14 0.200664 0.309392
15 0.197942 0.290095
16 0.196506 0.282243
17 0.190257 0.266023
18 0.190544 0.276154
19 0.199956 0.268134
20 0.189617 0.247679
21 0.197102 0.236011
22 0.192599 0.224018
23 0.195228 0.197528
24 0.261204 0.325395
25 0.192733 0.198692
26 0.199953 0.189857
27 0.199303 0.185323
28 0.199803 0.179002
29 0.202525 0.193893
30 0.193456 0.188996
31 0.199358 0.161974
32 0.19733 0.172747
33 0.199281 0.185555
34 0.195262 0.143513
35 0.200398 0.158525
36 0.197414 0.165533
37 0.201007 0.148095
38 0.187391 0.164648
39 0.197516 0.145365
40 0.199426 0.145241
41 0.177353 0.140325
42 0.197249 0.126546
43 0.201534 0.127948
44 0.196371 0.147063
45 0.201083 0.152837
46 0.200629 0.123176
47 0.199855 0.133989
48 0.178334 0.116522
49 0.19938 0.138807
50 0.20107 0.116452
51 0.1977 0.116928
52 0.197803 0.108464
53 0.202259 0.109726
54 0.197045 0.0990504
55 0.194084 0.123368
56 0.188439 0.0962658
57 0.201372 0.114958
58 0.19938 0.0927977
59 0.201892 0.102519
60 0.201446 0.107031
61 0.19989 0.098303
62 0.195843 0.0728636
63 0.194046 0.0782221
64 0.196896 0.0945392
65 0.193194 0.0864827
66 0.192099 0.0798506
67 0.192712 0.0934639
68 0.198338 0.0831072
69 0.198715 0.095391
70 0.190151 0.0882983
71 0.191875 0.0675556
72 0.198422 0.0836617
73 0.200726 0.0826109
74 0.193275 0.0848357
75 0.193633 0.0735508
76 0.195092 0.0648175
77 0.195897 0.0669118
78 0.185019 0.0798252
