1 0.198456 1
2 0.19455 1
3 0.169936 0.97349
4 0.203555 0.92681
5 0.19209 0.834785
6 0.190771 0.732755
7 0.194223 0.72324
8 0.201483 0.6574
9 0.200132 0.6368
10 0.200334 0.511669
11 0.201548 0.545721
12 0.19886 0.488252
13 0.198582 0.545327
14 0.201095 0.518691
15 0.201408 0.397056
16 0.20284 0.414375
17 0.193066 0.321625
18 0.199227 0.322337
19 0.191296 0.36547
20 0.206222 0.314444
21 0.184547 0.314242
22 0.200137 0.217601
23 0.197403 0.26148
24 0.197584 0.243948
25 0.199549 0.206953
26 0.200328 0.26793
27 0.191416 0.234315
28 0.196123 0.195689
29 0.199076 0.189765
30 0.19131 0.168766
31 0.189739 0.214071
32 0.202126 0.177956
33 0.198375 0.241873
34 0.198672 0.152607
35 0.199099 0.189253
36 0.189697 0.112767
37 0.186353 0.164843
38 0.186538 0.191344
39 0.201985 0.147202
40 0.198353 0.124175
41 0.19712 0.13503
42 0.178202 0.133922
43 0.199498 0.123238
44 0.197633 0.123676
45 0.154559 0.108504
46 0.202091 0.128366
47 0.195792 0.125002
48 0.196061 0.12794
49 0.193997 0.0894688
50 0.199823 0.146357
51 0.19566 0.0918503
52 0.196907 0.0936036
53 0.199257 0.112279
54 0.176743 0.0916275
55 0.203082 0.097424
56 0.193695 0.0855303
57 0.184651 0.100598
58 0.197671 0.0937186
59 0.198828 0.0866579
60 0.181145 0.0699578
61 0.188169 0.077695
62 0.197601 0.0559893
63 0.199698 0.0631704
64 0.197184 0.0726401
65 0.192576 0.0600444
66 0.197124 0.0886971
67 0.20191 0.0650798
68 0.195512 0.0589564
69 0.199154 0.0639334
70 0.189075 0.0746738
71 0.192901 0.0445982
72 0.188045 0.0632319
73 0.197363 0.0627929
74 0.199351 0.0389975
75 0.193876 0.0665459
76 0.196575 0.046393
77 0.196666 0.0324609
78 0.203976 0.0421456
79 0.196875 0.0453461
80 0.185803 0.0399109
81 0.197374 0.0486248
82 0.199753 0.0532544
83 0.196711 0.0401781
84 0.197675 0.0620193
85 0.196295 0.0490138
86 0.197603 0.0372952
87 0.199762 0.0234566
88 0.173561 0.0314864
89 0.199152 0.0459472
90 0.194567 0.0436205
91 0.196272 0.0315427
92 0.191718 0.0316927
93 0.192141 0.0400676
94 0.191113 0.0210571
95 0.204646 0.0219666
96 0.199183 0.0287113
97 0.192226 0.0370727
98 0.197113 0.0248089
99 0.200284 0.0241903
100 0.19629 0.0275684
1 0.201861 1
2 0.198908 1
3 0.197594 0.97058
4 0.180574 0.904905
5 0.221122 0.95978
6 0.200436 0.81092
7 0.196792 0.812725
8 0.19729 0.65055
9 0.197535 0.57024
10 0.2025 0.59911
11 0.202493 0.61888
12 0.202685 0.560098
13 0.201144 0.454464
14 0.192805 0.484911
15 0.202385 0.509349
16 0.200931 0.380341
17 0.197299 0.46053
18 0.190608 0.339951
19 0.170895 0.38866
20 0.200211 0.328043
21 0.195675 0.293406
22 0.229825 0.368691
23 0.201423 0.300048
24 0.199584 0.260623
25 0.196113 0.268134
26 0.199513 0.287079
27 0.192847 0.256483
28 0.199335 0.224102
29 0.19905 0.266238
30 0.198195 0.227644
31 0.199845 0.199994
32 0.1892 0.16008
33 0.188329 0.152456
34 0.20062 0.161081
35 0.197907 0.164962
36 0.185262 0.150281
37 0.202462 0.16229
38 0.202435 0.153618
39 0.201414 0.139593
40 0.198611 0.150851
41 0.200018 0.111332
42 0.260145 0.191096
43 0.197945 0.111514
44 0.197888 0.14459
45 0.191585 0.0973996
46 0.20224 0.103018
47 0.200938 0.108011
48 0.192978 0.0933652
49 0.198078 0.0842826
50 0.195552 0.0818613
51 0.197734 0.112476
52 0.201485 0.0918338
53 0.19595 0.0888051
54 0.195508 0.0373508
55 0.1951 0.128472
56 0.197602 0.104689
57 0.193383 0.071055
58 0.199835 0.0961432
59 0.195512 0.0529406
60 0.197299 0.0860986
61 0.194677 0.057857
62 0.274974 0.109147
63 0.199571 0.0723476
64 0.198645 0.0740655
65 0.199759 0.0923036
66 0.196778 0.0523662
67 0.197121 0.0532544
68 0.197673 0.0694645
69 0.202704 0.0814058
70 0.19955 0.0598146
71 0.197949 0.0628456
72 0.202573 0.0704506
73 0.192598 0.0494206
74 0.198298 0.050702
75 0.186081 0.0600355
76 0.203313 0.0510803
77 0.199057 0.0493303
78 0.203299 0.044443
79 0.191708 0.0382673
80 0.197415 0.0525279
81 0.198442 0.0426408
82 0.199858 0.0374064
83 0.194376 0.045929
84 0.202346 0.0371654
85 0.19973 0.0422832
86 0.261824 0.0691613
87 0.193997 0.0435198
88 0.195629 0.0413835
89 0.197603 0.043346
90 0.197845 0.0343203
91 0.197639 0.044379
92 0.19953 0.028041
93 0.197186 0.0318052
94 0.19 0.0268587
95 0.198831 0.0398003
96 0.199598 0.0314207
97 0.194459 0.0257305
98 0.201826 0.0237998
99 0.190278 0.0198961
100 0.202182 0.015244
