 1.00000000e+00 1.00000000e+00
 2.00000000e+00 1.00000000e+00
 3.00000000e+00 9.69420000e-01
 4.00000000e+00 9.23872500e-01
 5.00000000e+00 8.73958750e-01
 6.00000000e+00 7.70832187e-01
 7.00000000e+00 7.27383750e-01
 8.00000000e+00 6.85366875e-01
 9.00000000e+00 6.29082812e-01
 1.00000000e+01 5.86059937e-01
 1.10000000e+01 5.65572063e-01
 1.20000000e+01 5.35083187e-01
 1.30000000e+01 5.03771875e-01
 1.40000000e+01 4.67590813e-01
 1.50000000e+01 4.35671438e-01
 1.60000000e+01 3.89618438e-01
 1.70000000e+01 3.83493187e-01
 1.80000000e+01 3.47593375e-01
 1.90000000e+01 3.55818937e-01
 2.00000000e+01 3.26761500e-01
 2.10000000e+01 3.05061812e-01
 2.20000000e+01 3.05214437e-01
 2.30000000e+01 2.85699000e-01
 2.40000000e+01 2.57916813e-01
 2.50000000e+01 2.44136750e-01
 2.60000000e+01 2.40110313e-01
 2.70000000e+01 2.35632188e-01
 2.80000000e+01 2.15187437e-01
 2.90000000e+01 2.16820250e-01
 3.00000000e+01 1.98086500e-01
 3.10000000e+01 1.93638250e-01
 3.20000000e+01 1.83345812e-01
 3.30000000e+01 2.02834929e-01
 3.40000000e+01 1.66425750e-01
 3.50000000e+01 1.77400250e-01
 3.60000000e+01 1.52201125e-01
 3.70000000e+01 1.62626625e-01
 3.80000000e+01 1.53577875e-01
 3.90000000e+01 1.39258575e-01
 4.00000000e+01 1.34978500e-01
 4.10000000e+01 1.34737375e-01
 4.20000000e+01 1.41955375e-01
 4.30000000e+01 1.24917875e-01
 4.40000000e+01 1.20640038e-01
 4.50000000e+01 1.13267012e-01
 4.60000000e+01 1.22974425e-01
 4.70000000e+01 1.19711062e-01
 4.80000000e+01 1.20709200e-01
 4.90000000e+01 1.03560625e-01
 5.00000000e+01 1.08677700e-01
 5.10000000e+01 9.87201875e-02
 5.20000000e+01 9.79172375e-02
 5.30000000e+01 1.06194500e-01
 5.40000000e+01 8.26123625e-02
 5.50000000e+01 9.74517625e-02
 5.60000000e+01 7.62711125e-02
 5.70000000e+01 8.41381750e-02
 5.80000000e+01 8.66337875e-02
 5.90000000e+01 9.22829375e-02
 6.00000000e+01 7.27575750e-02
 6.10000000e+01 7.75965375e-02
 6.20000000e+01 6.26780875e-02
 6.30000000e+01 6.38336750e-02
 6.40000000e+01 6.87489875e-02
 6.50000000e+01 6.72985875e-02
 6.60000000e+01 8.32332250e-02
 6.70000000e+01 7.01504000e-02
 6.80000000e+01 6.71921125e-02
 6.90000000e+01 5.84097125e-02
 7.00000000e+01 6.71346875e-02
 7.10000000e+01 5.81663500e-02
 7.20000000e+01 5.61853750e-02
 7.30000000e+01 5.68910000e-02
 7.40000000e+01 5.34466000e-02
 7.50000000e+01 5.46370625e-02
 7.60000000e+01 5.79408000e-02
 7.70000000e+01 4.61034750e-02
 7.80000000e+01 4.40879500e-02
 7.90000000e+01 4.20128750e-02
 8.00000000e+01 4.44445875e-02
 8.10000000e+01 4.86869625e-02
 8.20000000e+01 4.58072500e-02
 8.30000000e+01 4.06158125e-02
 8.40000000e+01 5.49829000e-02
 8.50000000e+01 4.47889125e-02
 8.60000000e+01 4.00659750e-02
 8.70000000e+01 3.68146250e-02
 8.80000000e+01 3.28787250e-02
 8.90000000e+01 3.81445125e-02
 9.00000000e+01 4.25081250e-02
 9.10000000e+01 3.59577875e-02
 9.20000000e+01 3.64766375e-02
 9.30000000e+01 3.32025000e-02
 9.40000000e+01 3.70081625e-02
 9.50000000e+01 3.56780250e-02
 9.60000000e+01 3.27511500e-02
 9.70000000e+01 3.50957500e-02
 9.80000000e+01 3.25850625e-02
 9.90000000e+01 3.25571125e-02
 1.00000000e+02 2.57668000e-02
