1 0.199743 1
2 0.20132 1
3 0.182476 0.969525
4 0.20242 0.931045
5 0.196566 0.845885
6 0.196787 0.761405
7 0.191569 0.76628
8 0.202277 0.645015
9 0.196896 0.584387
10 0.19762 0.642645
11 0.198785 0.566524
12 0.193883 0.523517
13 0.197633 0.491078
14 0.193127 0.452471
15 0.195263 0.50563
16 0.201709 0.419062
17 0.197929 0.411372
18 0.198769 0.359988
19 0.200698 0.333911
20 0.200305 0.302085
21 0.198473 0.338484
22 0.246829 0.45903
23 0.199103 0.314364
24 0.198021 0.258622
25 0.197624 0.24007
26 0.19884 0.226754
27 0.19942 0.19349
28 0.190472 0.183813
29 0.196613 0.230692
30 0.198717 0.208942
31 0.201023 0.192943
32 0.192806 0.223747
33 0.198914 0.231248
34 0.191893 0.174502
35 0.19314 0.215988
36 0.203653 0.201488
37 0.198369 0.147449
38 0.194213 0.161489
39 0.196039 0.133869
40 0.195523 0.16106
41 0.195807 0.145029
42 0.19903 0.157994
43 0.197351 0.126965
44 0.192651 0.101866
45 0.197412 0.118702
46 0.199735 0.103919
47 0.190908 0.113208
48 0.196773 0.0757856
49 0.198084 0.124703
50 0.201463 0.0801299
51 0.200344 0.139844
52 0.194544 0.111585
53 0.197379 0.118026
54 0.192999 0.0497729
55 0.201534 0.0985875
56 0.200124 0.0791388
57 0.197707 0.103806
58 0.200697 0.0723304
59 0.196405 0.0929952
60 0.232604 0.0872581
61 0.194571 0.0844503
62 0.200031 0.0513864
63 0.19834 0.048661
64 0.183432 0.0687886
65 0.18043 0.0516923
66 0.177446 0.068537
67 0.199697 0.0899328
68 0.196872 0.061262
69 0.197993 0.0394498
70 0.197719 0.0679032
71 0.192994 0.0952355
72 0.202013 0.0503594
73 0.20345 0.066694
74 0.202806 0.0554632
75 0.19571 0.0583183
76 0.283304 0.062828
77 0.197083 0.063188
78 0.197902 0.0473559
79 0.187178 0.0450361
80 0.197052 0.0462566
81 0.189291 0.0331064
82 0.200922 0.0396066
83 0.196347 0.037082
84 0.200904 0.0385263
85 0.182993 0.0365625
86 0.190881 0.0481992
87 0.196893 0.028532
88 0.202959 0.0376935
89 0.194141 0.0288905
90 0.202154 0.0333027
91 0.197805 0.0405373
92 0.201283 0.0317865
93 0.199483 0.0199537
94 0.197553 0.0415764
95 0.198655 0.0359123
96 0.201937 0.0273982
97 0.257719 0.0495923
98 0.197797 0.0364418
99 0.188132 0.0254551
100 0.194367 0.0388312
1 0.215311 1
2 0.199588 1
3 0.193495 0.96005
4 0.20236 0.94355
5 0.201118 0.83028
6 0.182456 0.73162
7 0.201377 0.652625
8 0.246743 0.836575
9 0.198417 0.589117
10 0.194786 0.594244
11 0.194798 0.598075
12 0.204188 0.529928
13 0.19763 0.541975
14 0.199489 0.448195
15 0.186615 0.442083
16 0.197904 0.420905
17 0.196326 0.426475
18 0.20267 0.354447
19 0.199108 0.39763
20 0.200723 0.33415
21 0.203662 0.374621
22 0.185371 0.332006
23 0.199181 0.210017
24 0.196032 0.28283
25 0.201246 0.21992
26 0.196362 0.217227
27 0.198353 0.167166
28 0.193636 0.182633
29 0.200761 0.225185
30 0.187721 0.186436
31 0.198131 0.175571
32 0.200044 0.204423
33 0.192479 0.190565
34 0.199445 0.149826
35 0.238501 0.20594
36 0.193267 0.168233
37 0.19862 0.20958
38 0.193645 0.185959
39 0.192766 0.0934557
40 0.199495 0.185349
41 0.196643 0.130344
42 0.199926 0.119749
43 0.196868 0.0938664
44 0.189117 0.120384
45 0.198995 0.140192
46 0.198174 0.132645
47 0.191632 0.102116
48 0.20975 0.15936
49 0.202749 0.0943834
50 0.198091 0.0706924
51 0.19913 0.0995534
52 0.187498 0.0893527
53 0.194116 0.117543
54 0.199982 0.0796643
55 0.198643 0.0781541
56 0.181576 0.0615792
57 0.198016 0.0895517
58 0.192295 0.0594432
59 0.19909 0.0696896
60 0.187499 0.092213
61 0.190359 0.0752129
62 0.1989 0.09385
63 0.172993 0.0980102
64 0.18928 0.0588944
65 0.266142 0.0801891
66 0.190039 0.086491
67 0.200637 0.0266219
68 0.197156 0.0651934
69 0.183257 0.0548025
70 0.198782 0.0471199
71 0.199812 0.0604771
72 0.201124 0.0506119
73 0.202839 0.0477914
74 0.198954 0.0435473
75 0.1668 0.0541768
76 0.193071 0.0621161
77 0.196244 0.0463657
78 0.197495 0.0610858
79 0.195198 0.0497548
80 0.199158 0.0696117
81 0.202856 0.0534426
82 0.198889 0.0370263
83 0.240557 0.0682159
84 0.196991 0.0454463
85 0.214949 0.0524201
86 0.202785 0.0562209
87 0.172185 0.0401874
88 0.195601 0.035196
89 0.198492 0.0307636
90 0.196746 0.0438217
91 0.196138 0.0246091
92 0.201052 0.0257305
93 0.197342 0.0509993
94 0.196088 0.0470564
95 0.196942 0.0476825
96 0.204819 0.0426591
97 0.199014 0.040215
98 0.196464 0.0241141
99 0.194822 0.031355
100 0.197606 0.0233898
