1 0.215718 1
2 0.19957 1
3 0.200931 0.956035
4 0.19645 0.91019
5 0.202734 0.9132
6 0.192376 0.78121
7 0.198273 0.74424
8 0.197454 0.69058
9 0.158946 0.65241
10 0.195857 0.556513
11 0.192739 0.538333
12 0.195014 0.580535
13 0.199118 0.460618
14 0.18739 0.414715
15 0.196746 0.45928
16 0.199944 0.370337
17 0.190304 0.432361
18 0.188405 0.35365
19 0.185715 0.3579
20 0.198813 0.291228
21 0.198647 0.257918
22 0.198183 0.271403
23 0.19485 0.240047
24 0.201798 0.235152
25 0.193288 0.239411
26 0.192991 0.216534
27 0.199854 0.201578
28 0.179075 0.207469
29 0.195847 0.288671
30 0.193136 0.193769
31 0.194745 0.202704
32 0.198823 0.185057
33 0.201999 0.163565
34 0.193893 0.168289
35 0.202147 0.158787
36 0.198858 0.126554
37 0.25429 0.228675
38 0.197479 0.165763
39 0.185955 0.0956446
40 0.19597 0.125561
41 0.196866 0.108583
42 0.1988 0.122322
43 0.201205 0.112444
44 0.201633 0.132193
45 0.191853 0.141741
46 0.196303 0.116538
47 0.20267 0.124527
48 0.197302 0.127529
49 0.196968 0.0953092
50 0.199381 0.107294
51 0.195717 0.114762
52 0.19597 0.0760759
53 0.19657 0.0854802
54 0.174021 0.0931844
55 0.199755 0.0948588
56 0.201509 0.0793677
57 0.178796 0.0759735
58 0.192625 0.105025
59 0.187148 0.10778
60 0.189866 0.0841401
61 0.191093 0.0789013
62 0.202778 0.0701048
63 0.201078 0.0583893
64 0.190603 0.0741084
65 0.265041 0.099829
66 0.196134 0.0734392
67 0.18845 0.0508011
68 0.278506 0.0846514
69 0.196924 0.0520159
70 0.194032 0.0514584
71 0.194559 0.0400307
72 0.195834 0.068511
73 0.199968 0.0362003
74 0.195181 0.0508101
75 0.183451 0.0562031
76 0.177365 0.0671729
77 0.188969 0.0509272
78 0.197944 0.0571286
79 0.200587 0.0503143
80 0.187361 0.0631353
81 0.200221 0.0601857
82 0.189885 0.0531827
83 0.193919 0.0344788
84 0.199076 0.089137
85 0.19468 0.0606712
86 0.199828 0.0475283
87 0.200542 0.0381841
88 0.203395 0.0257969
89 0.200639 0.0371098
90 0.201634 0.0557219
91 0.197031 0.0382026
92 0.19575 0.0419988
93 0.186952 0.0186265
94 0.198064 0.0434558
95 0.194665 0.0558467
96 0.198444 0.0464112
97 0.198334 0.0311486
98 0.20009 0.045419
99 0.195113 0.0422282
100 0.201876 0.0165031
1 0.196176 1
2 0.183569 1
3 0.199849 0.976755
4 0.201269 0.912825
5 0.198457 0.840825
6 0.177148 0.79518
7 0.188952 0.735845
8 0.197718 0.727875
9 0.198795 0.66237
10 0.184458 0.59579
11 0.198921 0.649715
12 0.187731 0.468382
13 0.200803 0.482912
14 0.195923 0.450376
15 0.19905 0.337041
16 0.189316 0.323172
17 0.197204 0.390946
18 0.199711 0.336342
19 0.195851 0.319626
20 0.201634 0.299622
21 0.174743 0.259961
22 0.233318 0.396175
23 0.231006 0.374637
24 0.198609 0.258974
25 0.196923 0.271381
26 0.19884 0.279918
27 0.19991 0.227364
28 0.194192 0.174263
29 0.199515 0.218683
30 0.199224 0.206211
31 0.201182 0.174195
32 0.201622 0.206916
33 0.199038 0.191423
34 0.203586 0.177828
35 0.178256 0.178449
36 0.182838 0.204512
37 0.19459 0.167839
38 0.205334 0.149349
39 0.198606 0.145876
40 0.216612 0.217717
41 0.196752 0.158263
42 0.195851 0.0772695
43 0.202474 0.129102
44 0.181917 0.0925672
45 0.19807 0.12618
46 0.191025 0.0791473
47 0.200095 0.120183
48 0.250665 0.125178
49 0.200558 0.10735
50 0.187045 0.108035
51 0.197217 0.0976114
52 0.191257 0.122638
53 0.193847 0.102269
54 0.192792 0.0848692
55 0.199368 0.0588412
56 0.199786 0.0588855
57 0.194695 0.0572708
58 0.199871 0.067286
59 0.195774 0.104785
60 0.196098 0.0811779
61 0.195391 0.0799352
62 0.201752 0.0714001
63 0.183979 0.0712793
64 0.199718 0.0876495
65 0.202632 0.0579369
66 0.196108 0.0473922
67 0.202216 0.0885808
68 0.195158 0.0829979
69 0.189213 0.0503685
70 0.19249 0.044105
71 0.197585 0.0548561
72 0.238756 0.0976114
73 0.201482 0.0672947
74 0.199869 0.0550883
75 0.198135 0.0360703
76 0.189077 0.0573597
77 0.194852 0.0551508
78 0.197178 0.0649924
79 0.194394 0.0425858
80 0.191427 0.0503955
81 0.192097 0.0451455
82 0.205345 0.0379898
83 0.188546 0.037082
84 0.201578 0.0492037
85 0.199231 0.0317865
86 0.195286 0.0479545
87 0.189067 0.0362468
88 0.198902 0.0352054
89 0.192197 0.0454827
90 0.199834 0.0304817
91 0.199978 0.0331999
92 0.184898 0.0259772
93 0.281269 0.0540068
94 0.181751 0.0450635
95 0.188072 0.027663
96 0.195172 0.0298421
97 0.191315 0.0309232
98 0.201857 0.0340684
99 0.191464 0.0323673
100 0.195205 0.0423657
