1 0.195019 1
2 0.200072 1
3 0.220774 1
4 0.197759 0.89573
5 0.19825 0.832495
6 0.195875 0.72316
7 0.193375 0.704295
8 0.192645 0.70506
9 0.189029 0.65866
10 0.198394 0.758405
11 0.200058 0.558912
12 0.188117 0.536987
13 0.188594 0.521579
14 0.194691 0.465128
15 0.200959 0.454002
16 0.199721 0.411927
17 0.199933 0.344202
18 0.199901 0.365611
19 0.198262 0.392817
20 0.1985 0.330338
21 0.199022 0.276149
22 0.193025 0.307417
23 0.199777 0.276866
24 0.202772 0.262836
25 0.199826 0.233564
26 0.197643 0.249897
27 0.205109 0.207594
28 0.203021 0.202418
29 0.199017 0.195961
30 0.193963 0.157746
31 0.198448 0.189555
32 0.197661 0.194549
33 0.196428 0.196174
34 0.19965 0.137269
35 0.202296 0.190133
36 0.199412 0.177341
37 0.196604 0.151233
38 0.198817 0.122422
39 0.200918 0.155484
40 0.201194 0.176589
41 0.191131 0.122576
42 0.199401 0.16949
43 0.198818 0.143051
44 0.191928 0.08543
45 0.18031 0.12162
46 0.186231 0.16561
47 0.194607 0.115717
48 0.199012 0.110653
49 0.202073 0.119858
50 0.189938 0.0918833
51 0.199059 0.0915615
52 0.194359 0.0938746
53 0.200793 0.126119
54 0.200896 0.0737653
55 0.200345 0.0926989
56 0.198999 0.0752557
57 0.201985 0.0731644
58 0.193479 0.0812792
59 0.19852 0.0896926
60 0.193963 0.0806035
61 0.201598 0.0829306
62 0.201977 0.0618961
63 0.189997 0.0656738
64 0.188648 0.0654031
65 0.200336 0.059399
66 0.200549 0.0881237
67 0.19656 0.0663978
68 0.193157 0.0545434
69 0.192111 0.0611034
70 0.198515 0.0864076
71 0.201792 0.0584513
72 0.20221 0.064835
73 0.202206 0.0585488
74 0.200965 0.0405741
75 0.193762 0.0325826
76 0.199133 0.0771502
77 0.196974 0.0628192
78 0.186318 0.0340497
79 0.203904 0.0347118
80 0.197235 0.0419621
81 0.192891 0.0457105
82 0.194394 0.0401413
83 0.198186 0.0389975
84 0.186467 0.0339098
85 0.196796 0.0248279
86 0.197425 0.0199633
87 0.197752 0.0643975
88 0.2019 0.036191
89 0.201449 0.033667
90 0.174379 0.0428057
91 0.238915 0.0409882
92 0.194723 0.0339938
93 0.200871 0.0495561
94 0.199606 0.0409146
95 0.190043 0.0349074
96 0.175407 0.0251226
97 0.200207 0.0237521
98 0.191211 0.030585
99 0.19153 0.0422557
100 0.191826 0.0364696
1 0.202886 1
2 0.18614 1
3 0.197927 0.968845
4 0.196011 0.91746
5 0.276459 0.958015
6 0.198169 0.780805
7 0.198086 0.70661
8 0.200526 0.70051
9 0.175857 0.61532
10 0.186659 0.596407
11 0.199791 0.570162
12 0.189885 0.560635
13 0.200989 0.49009
14 0.196235 0.42886
15 0.186692 0.425178
16 0.198484 0.356578
17 0.181368 0.375882
18 0.195262 0.299769
19 0.192111 0.418098
20 0.199953 0.314754
21 0.202901 0.341278
22 0.201641 0.305343
23 0.19581 0.247169
24 0.199789 0.243982
25 0.195294 0.235416
26 0.198244 0.217325
27 0.199221 0.233564
28 0.198027 0.23257
29 0.201189 0.249368
30 0.19078 0.158639
31 0.201343 0.189187
32 0.199896 0.198352
33 0.199421 0.16577
34 0.201922 0.205965
35 0.200799 0.131409
36 0.202311 0.12016
37 0.197321 0.170785
38 0.197054 0.145569
39 0.19905 0.130132
40 0.200659 0.108218
41 0.19923 0.12727
42 0.200528 0.159593
43 0.200664 0.109076
44 0.193591 0.133944
45 0.19962 0.14816
46 0.194564 0.149016
47 0.197888 0.12135
48 0.202539 0.0882817
49 0.194238 0.0918668
50 0.19967 0.10135
51 0.194462 0.0899825
52 0.200758 0.1125
53 0.200499 0.117161
54 0.183115 0.0670684
55 0.206784 0.154599
56 0.200715 0.0811695
57 0.185725 0.113711
58 0.199163 0.0703641
59 0.201095 0.0853965
60 0.192501 0.0853129
61 0.196046 0.062626
62 0.192671 0.0569774
63 0.199265 0.0781116
64 0.194861 0.0600797
65 0.180564 0.078358
66 0.194363 0.0823331
67 0.193101 0.0532365
68 0.196006 0.0487877
69 0.198831 0.0459836
70 0.200234 0.0624678
71 0.19605 0.0266598
72 0.191628 0.046302
73 0.198821 0.0448081
74 0.184467 0.069248
75 0.201533 0.0367388
76 0.195888 0.0696549
77 0.1996 0.0227886
78 0.196449 0.0549365
79 0.178738 0.0544361
80 0.192633 0.04702
81 0.199217 0.0366274
82 0.229384 0.072141
83 0.199645 0.0332093
84 0.202142 0.0250561
85 0.197822 0.0346465
86 0.198226 0.0344042
87 0.199721 0.0456649
88 0.201268 0.0473106
89 0.201969 0.0207407
90 0.193231 0.0331812
91 0.201388 0.0373415
92 0.201681 0.0294937
93 0.197651 0.0189442
94 0.198413 0.0291451
95 0.186545 0.0189249
96 0.197626 0.0299079
97 0.195737 0.0280599
98 0.201472 0.0340218
99 0.196592 0.0239427
100 0.197872 0.0229604
