1 0.198456 1
2 0.19455 1
3 0.169936 0.97349
4 0.203555 0.92681
5 0.19209 0.834785
6 0.190771 0.732755
7 0.194223 0.72324
8 0.201483 0.6574
9 0.200132 0.6368
10 0.200334 0.511669
11 0.201548 0.545721
12 0.19886 0.488252
13 0.198582 0.545327
14 0.201095 0.518691
15 0.201408 0.397056
16 0.20284 0.414375
17 0.193066 0.321625
18 0.199227 0.322337
19 0.191296 0.36547
20 0.206222 0.314444
21 0.184547 0.314242
22 0.200137 0.217601
23 0.197403 0.26148
24 0.197584 0.243948
25 0.199549 0.206953
26 0.200328 0.26793
27 0.191416 0.234315
28 0.196123 0.195689
29 0.199076 0.189765
30 0.19131 0.168766
31 0.189739 0.214071
32 0.202126 0.177956
33 0.198375 0.241873
34 0.198672 0.152607
35 0.199099 0.189253
36 0.189697 0.112767
37 0.186353 0.164843
38 0.186538 0.191344
39 0.201985 0.147202
40 0.198353 0.124175
41 0.19712 0.13503
42 0.178202 0.133922
43 0.199498 0.123238
44 0.197633 0.123676
45 0.154559 0.108504
46 0.202091 0.128366
47 0.195792 0.125002
48 0.196061 0.12794
49 0.193997 0.0894688
50 0.199823 0.146357
51 0.19566 0.0918503
52 0.196907 0.0936036
53 0.199257 0.112279
54 0.176743 0.0916275
55 0.203082 0.097424
56 0.193695 0.0855303
57 0.184651 0.100598
58 0.197671 0.0937186
59 0.198828 0.0866579
60 0.181145 0.0699578
61 0.188169 0.077695
62 0.197601 0.0559893
63 0.199698 0.0631704
64 0.197184 0.0726401
65 0.192576 0.0600444
66 0.197124 0.0886971
67 0.20191 0.0650798
68 0.195512 0.0589564
69 0.199154 0.0639334
70 0.189075 0.0746738
71 0.192901 0.0445982
72 0.188045 0.0632319
73 0.197363 0.0627929
74 0.199351 0.0389975
75 0.193876 0.0665459
76 0.196575 0.046393
77 0.196666 0.0324609
78 0.203976 0.0421456
79 0.196875 0.0453461
80 0.185803 0.0399109
81 0.197374 0.0486248
82 0.199753 0.0532544
83 0.196711 0.0401781
84 0.197675 0.0620193
85 0.196295 0.0490138
86 0.197603 0.0372952
87 0.199762 0.0234566
88 0.173561 0.0314864
89 0.199152 0.0459472
90 0.194567 0.0436205
91 0.196272 0.0315427
92 0.191718 0.0316927
93 0.192141 0.0400676
94 0.191113 0.0210571
95 0.204646 0.0219666
96 0.199183 0.0287113
97 0.192226 0.0370727
98 0.197113 0.0248089
99 0.200284 0.0241903
100 0.19629 0.0275684
1 0.201861 1
2 0.198908 1
3 0.197594 0.97058
4 0.180574 0.904905
5 0.221122 0.95978
6 0.200436 0.81092
7 0.196792 0.812725
8 0.19729 0.65055
9 0.197535 0.57024
10 0.2025 0.59911
11 0.202493 0.61888
12 0.202685 0.560098
13 0.201144 0.454464
14 0.192805 0.484911
15 0.202385 0.509349
16 0.200931 0.380341
17 0.197299 0.46053
18 0.190608 0.339951
19 0.170895 0.38866
20 0.200211 0.328043
21 0.195675 0.293406
22 0.229825 0.368691
23 0.201423 0.300048
24 0.199584 0.260623
25 0.196113 0.268134
26 0.199513 0.287079
27 0.192847 0.256483
28 0.199335 0.224102
29 0.19905 0.266238
30 0.198195 0.227644
31 0.199845 0.199994
32 0.1892 0.16008
33 0.188329 0.152456
34 0.20062 0.161081
35 0.197907 0.164962
36 0.185262 0.150281
37 0.202462 0.16229
38 0.202435 0.153618
39 0.201414 0.139593
40 0.198611 0.150851
41 0.200018 0.111332
42 0.260145 0.191096
43 0.197945 0.111514
44 0.197888 0.14459
45 0.191585 0.0973996
46 0.20224 0.103018
47 0.200938 0.108011
48 0.192978 0.0933652
49 0.198078 0.0842826
50 0.195552 0.0818613
51 0.197734 0.112476
52 0.201485 0.0918338
53 0.19595 0.0888051
54 0.195508 0.0373508
55 0.1951 0.128472
56 0.197602 0.104689
57 0.193383 0.071055
58 0.199835 0.0961432
59 0.195512 0.0529406
60 0.197299 0.0860986
1 0.198456 1
2 0.19455 1
3 0.169936 0.97349
4 0.203555 0.92681
5 0.19209 0.834785
6 0.190771 0.732755
7 0.194223 0.72324
8 0.201483 0.6574
9 0.200132 0.6368
10 0.200334 0.511669
11 0.201548 0.545721
12 0.19886 0.488252
13 0.198582 0.545327
14 0.201095 0.518691
15 0.201408 0.397056
16 0.20284 0.414375
17 0.193066 0.321625
18 0.199227 0.322337
19 0.191296 0.36547
20 0.206222 0.314444
21 0.184547 0.314242
22 0.200137 0.217601
23 0.197403 0.26148
24 0.197584 0.243948
25 0.199549 0.206953
26 0.200328 0.26793
27 0.191416 0.234315
28 0.196123 0.195689
29 0.199076 0.189765
30 0.19131 0.168766
31 0.189739 0.214071
32 0.202126 0.177956
33 0.198375 0.241873
34 0.198672 0.152607
35 0.199099 0.189253
36 0.189697 0.112767
37 0.186353 0.164843
38 0.186538 0.191344
39 0.201985 0.147202
40 0.198353 0.124175
41 0.19712 0.13503
42 0.178202 0.133922
43 0.199498 0.123238
44 0.197633 0.123676
45 0.154559 0.108504
46 0.202091 0.128366
47 0.195792 0.125002
48 0.196061 0.12794
49 0.193997 0.0894688
50 0.199823 0.146357
51 0.19566 0.0918503
52 0.196907 0.0936036
53 0.199257 0.112279
54 0.176743 0.0916275
55 0.203082 0.097424
56 0.193695 0.0855303
57 0.184651 0.100598
58 0.197671 0.0937186
59 0.198828 0.0866579
60 0.181145 0.0699578
61 0.188169 0.077695
62 0.197601 0.0559893
63 0.199698 0.0631704
64 0.197184 0.0726401
65 0.192576 0.0600444
66 0.197124 0.0886971
67 0.20191 0.0650798
68 0.195512 0.0589564
69 0.199154 0.0639334
70 0.189075 0.0746738
71 0.192901 0.0445982
72 0.188045 0.0632319
73 0.197363 0.0627929
74 0.199351 0.0389975
75 0.193876 0.0665459
76 0.196575 0.046393
77 0.196666 0.0324609
78 0.203976 0.0421456
79 0.196875 0.0453461
80 0.185803 0.0399109
81 0.197374 0.0486248
82 0.199753 0.0532544
83 0.196711 0.0401781
84 0.197675 0.0620193
85 0.196295 0.0490138
86 0.197603 0.0372952
87 0.199762 0.0234566
88 0.173561 0.0314864
89 0.199152 0.0459472
90 0.194567 0.0436205
91 0.196272 0.0315427
92 0.191718 0.0316927
93 0.192141 0.0400676
94 0.191113 0.0210571
95 0.204646 0.0219666
96 0.199183 0.0287113
97 0.192226 0.0370727
98 0.197113 0.0248089
99 0.200284 0.0241903
100 0.19629 0.0275684
1 0.194748 1
2 0.19703 1
3 0.199073 0.96437
4 0.195487 0.92033
5 0.271621 0.96185
6 0.200023 0.798885
7 0.186559 0.72556
8 0.195231 0.64225
9 0.183992 0.602461
10 0.197772 0.591474
11 0.189568 0.551671
12 0.200853 0.572408
13 0.199133 0.490348
14 0.199553 0.444482
15 0.175966 0.407505
16 0.192557 0.422027
17 0.199522 0.428437
18 0.196502 0.378365
19 0.194651 0.377885
20 0.203265 0.416276
21 0.200146 0.289874
22 0.201661 0.293176
23 0.184242 0.294478
24 0.198946 0.301744
25 0.199177 0.279212
26 0.208258 0.326214
27 0.215464 0.397064
28 0.199362 0.219287
29 0.203002 0.174059
30 0.201487 0.221166
31 0.201384 0.156325
32 0.202281 0.152643
33 0.199828 0.152427
34 0.200247 0.186483
35 0.200807 0.152822
36 0.198818 0.142014
37 0.196504 0.150822
38 0.196566 0.158455
39 0.197728 0.156061
40 0.197733 0.146801
41 0.192503 0.156936
42 0.271016 0.201571
43 0.241466 0.198615
44 0.193955 0.102946
45 0.19823 0.10668
46 0.204247 0.112602
47 0.202409 0.109377
48 0.18425 0.12236
49 0.188583 0.119757
50 0.191713 0.108663
51 0.199685 0.0786043
52 0.201 0.111924
53 0.194335 0.085731
54 0.199607 0.0994885
55 0.195377 0.0793847
56 0.196592 0.0698799
57 0.187166 0.0798675
58 0.197214 0.0671033
59 0.201999 0.0669379
60 0.201873 0.0899494
1 0.19888 1
2 0.20152 1
3 0.203322 0.97752
4 0.223481 0.986375
5 0.196156 0.83393
6 0.197861 0.751875
7 0.194292 0.76509
8 0.196555 0.624735
9 0.191454 0.722405
10 0.19356 0.65927
11 0.202059 0.528292
12 0.19301 0.56216
13 0.281967 0.584598
14 0.195756 0.476846
15 0.200968 0.459286
16 0.202737 0.366612
17 0.192985 0.398641
18 0.200336 0.360467
19 0.202445 0.30556
20 0.187899 0.30301
21 0.201706 0.316174
22 0.263614 0.398105
23 0.244324 0.40032
24 0.193725 0.253325
25 0.200973 0.248623
26 0.190171 0.251771
27 0.191434 0.195301
28 0.195198 0.154155
29 0.192624 0.209805
30 0.202463 0.215834
31 0.191791 0.158355
32 0.179986 0.126538
33 0.198417 0.170097
34 0.185471 0.174625
35 0.196631 0.165554
36 0.196923 0.141653
37 0.199584 0.167756
38 0.19671 0.135449
39 0.194455 0.130193
40 0.20089 0.133464
41 0.201185 0.154091
42 0.178792 0.124351
43 0.200679 0.11074
44 0.200322 0.159424
45 0.203139 0.114441
46 0.197165 0.130185
47 0.200597 0.114786
48 0.18943 0.109354
49 0.200769 0.0789352
50 0.198138 0.104865
51 0.194292 0.0812286
52 0.203116 0.112003
53 0.285654 0.133862
54 0.197275 0.0850451
55 0.197402 0.0610769
56 0.196011 0.0850702
57 0.195477 0.104649
58 0.202269 0.0640648
59 0.196452 0.0761869
60 0.190895 0.0454827
61 0.19572 0.0682072
62 0.188949 0.0861404
63 0.187667 0.0632933
64 0.197561 0.0710377
65 0.196423 0.0622216
66 0.202688 0.112263
67 0.258222 0.11104
68 0.198882 0.0617377
69 0.19653 0.0654555
70 0.197128 0.0620545
71 0.19163 0.071831
72 0.191086 0.0440136
73 0.196377 0.0482535
74 0.200546 0.0644325
75 0.19979 0.0466566
76 0.195664 0.0541946
77 0.200723 0.0448902
78 0.188794 0.0591689
79 0.202035 0.0228841
80 0.167466 0.0233803
81 0.198773 0.049267
82 0.197264 0.0417785
83 0.270988 0.0722788
84 0.195329 0.0523483
85 0.195905 0.0475374
86 0.274161 0.0636879
87 0.192772 0.0285226
88 0.198511 0.0298326
89 0.199974 0.0322456
90 0.198411 0.0313269
91 0.194349 0.039459
92 0.180733 0.0348515
93 0.200609 0.0274928
94 0.200489 0.0488148
95 0.198185 0.0300773
96 0.201282 0.02611
97 0.197162 0.0442055
98 0.190963 0.0384338
99 0.198995 0.0323486
100 0.197848 0.02122
1 0.195363 1
2 0.201425 1
3 0.201787 0.97492
4 0.205468 0.98618
5 0.201922 0.89116
6 0.199541 0.77753
7 0.194634 0.656045
8 0.193247 0.664215
9 0.199819 0.650635
10 0.193589 0.54576
11 0.179458 0.566461
12 0.200422 0.531949
13 0.171284 0.514679
14 0.201669 0.496346
15 0.200206 0.434686
16 0.195319 0.393763
17 0.198232 0.317457
18 0.20018 0.374304
19 0.192018 0.31481
20 0.200411 0.341468
21 0.193466 0.275326
22 0.189282 0.288175
23 0.196012 0.309378
24 0.201553 0.213305
25 0.199545 0.24041
26 0.195751 0.139733
27 0.188368 0.226024
28 0.176228 0.243198
29 0.197334 0.218878
30 0.191075 0.210989
31 0.195006 0.202609
32 0.193248 0.190762
33 0.197463 0.227728
34 0.190843 0.175462
35 0.190066 0.189864
36 0.190608 0.183047
37 0.19664 0.14283
38 0.193938 0.1066
39 0.19344 0.160193
40 0.196041 0.130238
41 0.198796 0.125125
42 0.194284 0.126111
43 0.193304 0.137492
44 0.197781 0.0977091
45 0.20219 0.158058
46 0.199914 0.145905
47 0.18179 0.0817854
48 0.201476 0.0823583
49 0.176148 0.128783
50 0.198434 0.0929376
51 0.196701 0.107876
52 0.202458 0.0996182
53 0.189707 0.0646338
54 0.202192 0.0868998
55 0.199775 0.0961678
56 0.19787 0.0705629
57 0.201844 0.0698021
58 0.202676 0.0807134
59 0.196805 0.111127
60 0.201653 0.0740484
61 0.192672 0.077797
1 0.261229 1
2 0.193786 1
3 0.196742 0.949675
4 0.200432 0.904795
5 0.201671 0.8228
6 0.189153 0.80742
7 0.192834 0.759925
8 0.199649 0.67233
9 0.198375 0.664095
10 0.199283 0.5972
11 0.189953 0.583463
12 0.198384 0.551133
13 0.185286 0.480788
14 0.196472 0.515984
15 0.199744 0.374292
16 0.199309 0.403427
17 0.190441 0.37011
18 0.192956 0.373481
19 0.193241 0.334527
20 0.190984 0.31776
21 0.198356 0.347152
22 0.196094 0.268086
23 0.20336 0.294886
24 0.198948 0.313168
25 0.199244 0.237468
26 0.20053 0.253698
27 0.281295 0.290413
28 0.186902 0.312006
29 0.199835 0.169994
30 0.192022 0.265149
31 0.201035 0.209911
32 0.20133 0.177151
33 0.206533 0.281712
34 0.199197 0.187527
35 0.182359 0.145175
36 0.199645 0.231721
37 0.199882 0.152377
38 0.195187 0.138837
39 0.197486 0.142058
40 0.195279 0.115334
41 0.18725 0.119183
42 0.195187 0.157916
43 0.198393 0.146255
44 0.196384 0.0893693
45 0.198903 0.0873831
46 0.197649 0.112728
47 0.189346 0.0969105
48 0.202496 0.15924
49 0.184801 0.125484
50 0.190813 0.0998776
51 0.203196 0.105466
52 0.198529 0.0899742
53 0.191773 0.0802653
54 0.202414 0.0837456
55 0.191124 0.118873
56 0.188487 0.0552223
57 0.18992 0.0516203
58 0.1995 0.0771077
59 0.203672 0.106113
60 0.196994 0.0783325
61 0.199588 0.0559358
62 0.198077 0.0693606
63 0.199608 0.0786043
64 0.19618 0.0550616
65 0.201088 0.0815577
66 0.202199 0.0616584
67 0.202353 0.0628192
68 0.233896 0.0931021
69 0.19641 0.0571464
70 0.185444 0.0625732
71 0.197543 0.0484347
72 0.199585 0.050702
73 0.195363 0.0810513
74 0.194857 0.0787486
75 0.199667 0.0513054
76 0.199918 0.0745711
77 0.189593 0.0475374
78 0.201398 0.0306602
79 0.19555 0.0551508
80 0.195207 0.0660839
81 0.19547 0.0556505
82 0.197733 0.0361539
83 0.199433 0.0361167
84 0.196431 0.0425308
85 0.195632 0.0358286
86 0.1853 0.0333868
87 0.178882 0.0400584
88 0.198252 0.0324329
89 0.199684 0.0444338
90 0.201968 0.0462293
91 0.199442 0.0326762
92 0.198913 0.0490862
93 0.198124 0.0255406
94 0.190109 0.0300491
95 0.199217 0.047619
96 0.190167 0.0313363
97 0.199326 0.0320208
98 0.196542 0.0258349
99 0.201283 0.0400031
100 0.196165 0.0182025
1 0.190915 1
2 0.191731 1
3 0.200214 0.957145
4 0.184764 0.9064
5 0.192281 0.896145
6 0.196202 0.79491
7 0.187663 0.72779
8 0.199557 0.69291
9 0.19494 0.605345
10 0.201617 0.537256
11 0.187405 0.542562
12 0.198317 0.572887
13 0.196621 0.405201
14 0.198731 0.492281
15 0.192887 0.424757
16 0.193059 0.329255
17 0.1962 0.43346
18 0.196076 0.337485
19 0.193167 0.322759
20 0.199944 0.362265
21 0.173909 0.330454
22 0.197586 0.275084
23 0.195644 0.259808
24 0.197108 0.258386
25 0.175882 0.275614
26 0.189697 0.221953
27 0.198891 0.232888
28 0.197241 0.195242
29 0.189664 0.236892
30 0.191453 0.207607
31 0.195483 0.193646
32 0.194301 0.219774
33 0.201474 0.190997
34 0.194276 0.166076
35 0.198826 0.201431
36 0.238615 0.238774
37 0.195442 0.167243
38 0.199609 0.14079
39 0.199871 0.153769
40 0.19597 0.168032
41 0.195144 0.166055
42 0.200084 0.109052
43 0.194372 0.133051
44 0.187742 0.113884
45 0.20025 0.154949
46 0.197683 0.0864326
47 0.196533 0.0988149
48 0.195857 0.0956119
49 0.200402 0.0971144
50 0.181384 0.109908
51 0.204364 0.0997398
52 0.202311 0.0822825
53 0.196076 0.117878
54 0.199098 0.0842659
55 0.199822 0.0936364
56 0.189199 0.100404
57 0.177362 0.0580079
58 0.19864 0.0765025
59 0.201578 0.0808655
60 0.198808 0.0677729
61 0.199697 0.0818191
1 0.196174 1
2 0.283091 1
3 0.197926 0.97082
4 0.193326 0.898695
5 0.199881 0.87836
6 0.197981 0.773165
7 0.187949 0.6998
8 0.19486 0.692
9 0.204616 0.602004
10 0.198646 0.574996
11 0.198672 0.552836
12 0.202801 0.52231
13 0.199978 0.467527
14 0.202938 0.418695
15 0.197972 0.455617
16 0.193115 0.395222
17 0.200127 0.293071
18 0.19837 0.357851
19 0.191828 0.354406
20 0.202872 0.332497
21 0.197899 0.276882
22 0.199168 0.205548
23 0.201667 0.255963
24 0.198756 0.265246
25 0.2041 0.23129
26 0.187203 0.213069
27 0.194886 0.230195
28 0.18483 0.249424
29 0.195742 0.197097
30 0.197898 0.147768
31 0.200812 0.207921
32 0.199372 0.163488
33 0.260287 0.234239
34 0.198122 0.18398
35 0.195481 0.165059
36 0.197797 0.113318
37 0.193213 0.123837
38 0.199808 0.121975
39 0.202903 0.162416
40 0.200246 0.11947
41 0.192503 0.158377
42 0.187514 0.135726
43 0.195701 0.113412
44 0.196612 0.149486
45 0.195955 0.105241
46 0.198945 0.0980834
47 0.196884 0.142536
48 0.189 0.127232
49 0.194804 0.105258
50 0.200395 0.0926578
51 0.189031 0.0731988
52 0.19415 0.112618
53 0.201104 0.0812455
54 0.199211 0.0921306
55 0.201095 0.118671
56 0.198709 0.0650536
57 0.200082 0.0626962
58 0.188426 0.105826
59 0.199401 0.09218
60 0.191948 0.0663281
61 0.198349 0.0949571
62 0.193999 0.0505578
63 0.20109 0.0697069
64 0.194162 0.0703123
65 0.198309 0.0636003
66 0.198665 0.0844503
67 0.194298 0.0500527
68 0.197017 0.0643275
69 0.200104 0.0642399
70 0.192698 0.057333
71 0.188445 0.0621512
72 0.200452 0.0445982
73 0.188411 0.0387943
74 0.200274 0.0595493
75 0.186923 0.0589387
76 0.198253 0.0348236
77 0.198344 0.034544
78 0.201622 0.0400491
79 0.197965 0.0373137
80 0.200501 0.0349167
81 0.200001 0.048326
82 0.185845 0.0490862
83 0.200802 0.0256165
84 0.209206 0.0593724
85 0.246289 0.0548561
86 0.188538 0.0331719
87 0.187775 0.0479092
88 0.200138 0.0381101
89 0.201923 0.036915
90 0.191532 0.0434375
91 0.201561 0.0327136
92 0.201631 0.0367109
93 0.200298 0.0443151
94 0.187869 0.0491404
95 0.221829 0.0371283
96 0.202306 0.0482083
97 0.200397 0.0259013
98 0.199172 0.0343482
99 0.200987 0.0297856
100 0.200374 0.0197712
1 0.196047 1
2 0.188441 1
3 0.192486 0.9675
4 0.200052 0.90986
5 0.195857 0.849045
6 0.198198 0.77972
7 0.197902 0.73483
8 0.195139 0.706465
9 0.199851 0.612276
10 0.197818 0.504551
11 0.197307 0.531825
12 0.200104 0.511898
13 0.191647 0.583839
14 0.20037 0.454781
15 0.198065 0.487925
16 0.191212 0.412517
17 0.188354 0.409697
18 0.199799 0.325109
19 0.193438 0.343574
20 0.193227 0.3258
21 0.192593 0.274826
22 0.201524 0.27999
23 0.202922 0.270243
24 0.19388 0.23058
25 0.189021 0.271769
26 0.202155 0.204733
27 0.196603 0.242361
28 0.202222 0.271041
29 0.197566 0.208071
30 0.200931 0.223952
31 0.198145 0.217154
32 0.166998 0.174141
33 0.195361 0.150534
34 0.199 0.169221
35 0.201655 0.186271
36 0.191109 0.146983
37 0.199933 0.159607
38 0.192266 0.132487
39 0.200137 0.161658
40 0.200466 0.15512
41 0.201561 0.113899
42 0.199039 0.109393
43 0.192295 0.130677
44 0.189191 0.11713
45 0.203605 0.133254
46 0.201152 0.079605
47 0.19008 0.109385
48 0.203875 0.100525
49 0.199981 0.0998128
50 0.202043 0.100849
51 0.197177 0.0859733
52 0.19395 0.0958654
53 0.193602 0.0858982
54 0.198435 0.0778821
55 0.198557 0.0714604
56 0.192336 0.0785533
57 0.197846 0.0715466
58 0.198871 0.0789692
59 0.200719 0.0832669
60 0.19342 0.0734306
61 0.195471 0.0671555
1 0.199743 1
2 0.20132 1
3 0.182476 0.969525
4 0.20242 0.931045
5 0.196566 0.845885
6 0.196787 0.761405
7 0.191569 0.76628
8 0.202277 0.645015
9 0.196896 0.584387
10 0.19762 0.642645
11 0.198785 0.566524
12 0.193883 0.523517
13 0.197633 0.491078
14 0.193127 0.452471
15 0.195263 0.50563
16 0.201709 0.419062
17 0.197929 0.411372
18 0.198769 0.359988
19 0.200698 0.333911
20 0.200305 0.302085
21 0.198473 0.338484
22 0.246829 0.45903
23 0.199103 0.314364
24 0.198021 0.258622
25 0.197624 0.24007
26 0.19884 0.226754
27 0.19942 0.19349
28 0.190472 0.183813
29 0.196613 0.230692
30 0.198717 0.208942
31 0.201023 0.192943
32 0.192806 0.223747
33 0.198914 0.231248
34 0.191893 0.174502
35 0.19314 0.215988
36 0.203653 0.201488
37 0.198369 0.147449
38 0.194213 0.161489
39 0.196039 0.133869
40 0.195523 0.16106
41 0.195807 0.145029
42 0.19903 0.157994
43 0.197351 0.126965
44 0.192651 0.101866
45 0.197412 0.118702
46 0.199735 0.103919
47 0.190908 0.113208
48 0.196773 0.0757856
49 0.198084 0.124703
50 0.201463 0.0801299
51 0.200344 0.139844
52 0.194544 0.111585
53 0.197379 0.118026
54 0.192999 0.0497729
55 0.201534 0.0985875
56 0.200124 0.0791388
57 0.197707 0.103806
58 0.200697 0.0723304
59 0.196405 0.0929952
60 0.232604 0.0872581
61 0.194571 0.0844503
62 0.200031 0.0513864
63 0.19834 0.048661
64 0.183432 0.0687886
65 0.18043 0.0516923
66 0.177446 0.068537
67 0.199697 0.0899328
68 0.196872 0.061262
69 0.197993 0.0394498
70 0.197719 0.0679032
71 0.192994 0.0952355
72 0.202013 0.0503594
73 0.20345 0.066694
74 0.202806 0.0554632
75 0.19571 0.0583183
76 0.283304 0.062828
77 0.197083 0.063188
78 0.197902 0.0473559
79 0.187178 0.0450361
80 0.197052 0.0462566
81 0.189291 0.0331064
82 0.200922 0.0396066
83 0.196347 0.037082
84 0.200904 0.0385263
85 0.182993 0.0365625
86 0.190881 0.0481992
87 0.196893 0.028532
88 0.202959 0.0376935
89 0.194141 0.0288905
90 0.202154 0.0333027
91 0.197805 0.0405373
92 0.201283 0.0317865
93 0.199483 0.0199537
94 0.197553 0.0415764
95 0.198655 0.0359123
96 0.201937 0.0273982
97 0.257719 0.0495923
98 0.197797 0.0364418
99 0.188132 0.0254551
100 0.194367 0.0388312
1 0.215311 1
2 0.199588 1
3 0.193495 0.96005
4 0.20236 0.94355
5 0.201118 0.83028
6 0.182456 0.73162
7 0.201377 0.652625
8 0.246743 0.836575
9 0.198417 0.589117
10 0.194786 0.594244
11 0.194798 0.598075
12 0.204188 0.529928
13 0.19763 0.541975
14 0.199489 0.448195
15 0.186615 0.442083
16 0.197904 0.420905
17 0.196326 0.426475
18 0.20267 0.354447
19 0.199108 0.39763
20 0.200723 0.33415
21 0.203662 0.374621
22 0.185371 0.332006
23 0.199181 0.210017
24 0.196032 0.28283
25 0.201246 0.21992
26 0.196362 0.217227
27 0.198353 0.167166
28 0.193636 0.182633
29 0.200761 0.225185
30 0.187721 0.186436
31 0.198131 0.175571
32 0.200044 0.204423
33 0.192479 0.190565
34 0.199445 0.149826
35 0.238501 0.20594
36 0.193267 0.168233
37 0.19862 0.20958
38 0.193645 0.185959
39 0.192766 0.0934557
40 0.199495 0.185349
41 0.196643 0.130344
42 0.199926 0.119749
43 0.196868 0.0938664
44 0.189117 0.120384
45 0.198995 0.140192
46 0.198174 0.132645
47 0.191632 0.102116
48 0.20975 0.15936
49 0.202749 0.0943834
50 0.198091 0.0706924
51 0.19913 0.0995534
52 0.187498 0.0893527
53 0.194116 0.117543
54 0.199982 0.0796643
55 0.198643 0.0781541
56 0.181576 0.0615792
57 0.198016 0.0895517
58 0.192295 0.0594432
59 0.19909 0.0696896
60 0.187499 0.092213
1 0.195019 1
2 0.200072 1
3 0.220774 1
4 0.197759 0.89573
5 0.19825 0.832495
6 0.195875 0.72316
7 0.193375 0.704295
8 0.192645 0.70506
9 0.189029 0.65866
10 0.198394 0.758405
11 0.200058 0.558912
12 0.188117 0.536987
13 0.188594 0.521579
14 0.194691 0.465128
15 0.200959 0.454002
16 0.199721 0.411927
17 0.199933 0.344202
18 0.199901 0.365611
19 0.198262 0.392817
20 0.1985 0.330338
21 0.199022 0.276149
22 0.193025 0.307417
23 0.199777 0.276866
24 0.202772 0.262836
25 0.199826 0.233564
26 0.197643 0.249897
27 0.205109 0.207594
28 0.203021 0.202418
29 0.199017 0.195961
30 0.193963 0.157746
31 0.198448 0.189555
32 0.197661 0.194549
33 0.196428 0.196174
34 0.19965 0.137269
35 0.202296 0.190133
36 0.199412 0.177341
37 0.196604 0.151233
38 0.198817 0.122422
39 0.200918 0.155484
40 0.201194 0.176589
41 0.191131 0.122576
42 0.199401 0.16949
43 0.198818 0.143051
44 0.191928 0.08543
45 0.18031 0.12162
46 0.186231 0.16561
47 0.194607 0.115717
48 0.199012 0.110653
49 0.202073 0.119858
50 0.189938 0.0918833
51 0.199059 0.0915615
52 0.194359 0.0938746
53 0.200793 0.126119
54 0.200896 0.0737653
55 0.200345 0.0926989
56 0.198999 0.0752557
57 0.201985 0.0731644
58 0.193479 0.0812792
59 0.19852 0.0896926
60 0.193963 0.0806035
61 0.201598 0.0829306
62 0.201977 0.0618961
63 0.189997 0.0656738
64 0.188648 0.0654031
65 0.200336 0.059399
66 0.200549 0.0881237
67 0.19656 0.0663978
68 0.193157 0.0545434
69 0.192111 0.0611034
70 0.198515 0.0864076
71 0.201792 0.0584513
72 0.20221 0.064835
73 0.202206 0.0585488
74 0.200965 0.0405741
75 0.193762 0.0325826
76 0.199133 0.0771502
77 0.196974 0.0628192
78 0.186318 0.0340497
79 0.203904 0.0347118
80 0.197235 0.0419621
81 0.192891 0.0457105
82 0.194394 0.0401413
83 0.198186 0.0389975
84 0.186467 0.0339098
85 0.196796 0.0248279
86 0.197425 0.0199633
87 0.197752 0.0643975
88 0.2019 0.036191
89 0.201449 0.033667
90 0.174379 0.0428057
91 0.238915 0.0409882
92 0.194723 0.0339938
93 0.200871 0.0495561
94 0.199606 0.0409146
95 0.190043 0.0349074
96 0.175407 0.0251226
97 0.200207 0.0237521
98 0.191211 0.030585
99 0.19153 0.0422557
100 0.191826 0.0364696
1 0.202886 1
2 0.18614 1
3 0.197927 0.968845
4 0.196011 0.91746
5 0.276459 0.958015
6 0.198169 0.780805
7 0.198086 0.70661
8 0.200526 0.70051
9 0.175857 0.61532
10 0.186659 0.596407
11 0.199791 0.570162
12 0.189885 0.560635
13 0.200989 0.49009
14 0.196235 0.42886
15 0.186692 0.425178
16 0.198484 0.356578
17 0.181368 0.375882
18 0.195262 0.299769
19 0.192111 0.418098
20 0.199953 0.314754
21 0.202901 0.341278
22 0.201641 0.305343
23 0.19581 0.247169
24 0.199789 0.243982
25 0.195294 0.235416
26 0.198244 0.217325
27 0.199221 0.233564
28 0.198027 0.23257
29 0.201189 0.249368
30 0.19078 0.158639
31 0.201343 0.189187
32 0.199896 0.198352
33 0.199421 0.16577
34 0.201922 0.205965
35 0.200799 0.131409
36 0.202311 0.12016
37 0.197321 0.170785
38 0.197054 0.145569
39 0.19905 0.130132
40 0.200659 0.108218
41 0.19923 0.12727
42 0.200528 0.159593
43 0.200664 0.109076
44 0.193591 0.133944
45 0.19962 0.14816
46 0.194564 0.149016
47 0.197888 0.12135
48 0.202539 0.0882817
49 0.194238 0.0918668
50 0.19967 0.10135
51 0.194462 0.0899825
52 0.200758 0.1125
53 0.200499 0.117161
54 0.183115 0.0670684
55 0.206784 0.154599
56 0.200715 0.0811695
57 0.185725 0.113711
58 0.199163 0.0703641
59 0.201095 0.0853965
60 0.192501 0.0853129
61 0.196046 0.062626
1 0.215718 1
2 0.19957 1
3 0.200931 0.956035
4 0.19645 0.91019
5 0.202734 0.9132
6 0.192376 0.78121
7 0.198273 0.74424
8 0.197454 0.69058
9 0.158946 0.65241
10 0.195857 0.556513
11 0.192739 0.538333
12 0.195014 0.580535
13 0.199118 0.460618
14 0.18739 0.414715
15 0.196746 0.45928
16 0.199944 0.370337
17 0.190304 0.432361
18 0.188405 0.35365
19 0.185715 0.3579
20 0.198813 0.291228
21 0.198647 0.257918
22 0.198183 0.271403
23 0.19485 0.240047
24 0.201798 0.235152
25 0.193288 0.239411
26 0.192991 0.216534
27 0.199854 0.201578
28 0.179075 0.207469
29 0.195847 0.288671
30 0.193136 0.193769
31 0.194745 0.202704
32 0.198823 0.185057
33 0.201999 0.163565
34 0.193893 0.168289
35 0.202147 0.158787
36 0.198858 0.126554
37 0.25429 0.228675
38 0.197479 0.165763
39 0.185955 0.0956446
40 0.19597 0.125561
41 0.196866 0.108583
42 0.1988 0.122322
43 0.201205 0.112444
44 0.201633 0.132193
45 0.191853 0.141741
46 0.196303 0.116538
47 0.20267 0.124527
48 0.197302 0.127529
49 0.196968 0.0953092
50 0.199381 0.107294
51 0.195717 0.114762
52 0.19597 0.0760759
53 0.19657 0.0854802
54 0.174021 0.0931844
55 0.199755 0.0948588
56 0.201509 0.0793677
57 0.178796 0.0759735
58 0.192625 0.105025
59 0.187148 0.10778
60 0.189866 0.0841401
61 0.191093 0.0789013
62 0.202778 0.0701048
63 0.201078 0.0583893
64 0.190603 0.0741084
65 0.265041 0.099829
66 0.196134 0.0734392
67 0.18845 0.0508011
68 0.278506 0.0846514
69 0.196924 0.0520159
70 0.194032 0.0514584
71 0.194559 0.0400307
72 0.195834 0.068511
73 0.199968 0.0362003
74 0.195181 0.0508101
75 0.183451 0.0562031
76 0.177365 0.0671729
77 0.188969 0.0509272
78 0.197944 0.0571286
79 0.200587 0.0503143
80 0.187361 0.0631353
81 0.200221 0.0601857
82 0.189885 0.0531827
83 0.193919 0.0344788
84 0.199076 0.089137
85 0.19468 0.0606712
86 0.199828 0.0475283
87 0.200542 0.0381841
88 0.203395 0.0257969
89 0.200639 0.0371098
90 0.201634 0.0557219
91 0.197031 0.0382026
92 0.19575 0.0419988
93 0.186952 0.0186265
94 0.198064 0.0434558
95 0.194665 0.0558467
96 0.198444 0.0464112
97 0.198334 0.0311486
98 0.20009 0.045419
99 0.195113 0.0422282
100 0.201876 0.0165031
1 0.196176 1
2 0.183569 1
3 0.199849 0.976755
4 0.201269 0.912825
5 0.198457 0.840825
6 0.177148 0.79518
7 0.188952 0.735845
8 0.197718 0.727875
9 0.198795 0.66237
10 0.184458 0.59579
11 0.198921 0.649715
12 0.187731 0.468382
13 0.200803 0.482912
14 0.195923 0.450376
15 0.19905 0.337041
16 0.189316 0.323172
17 0.197204 0.390946
18 0.199711 0.336342
19 0.195851 0.319626
20 0.201634 0.299622
21 0.174743 0.259961
22 0.233318 0.396175
23 0.231006 0.374637
24 0.198609 0.258974
25 0.196923 0.271381
26 0.19884 0.279918
27 0.19991 0.227364
28 0.194192 0.174263
29 0.199515 0.218683
30 0.199224 0.206211
31 0.201182 0.174195
32 0.201622 0.206916
33 0.199038 0.191423
34 0.203586 0.177828
35 0.178256 0.178449
36 0.182838 0.204512
37 0.19459 0.167839
38 0.205334 0.149349
39 0.198606 0.145876
40 0.216612 0.217717
41 0.196752 0.158263
42 0.195851 0.0772695
43 0.202474 0.129102
44 0.181917 0.0925672
45 0.19807 0.12618
46 0.191025 0.0791473
47 0.200095 0.120183
48 0.250665 0.125178
49 0.200558 0.10735
50 0.187045 0.108035
51 0.197217 0.0976114
52 0.191257 0.122638
53 0.193847 0.102269
54 0.192792 0.0848692
55 0.199368 0.0588412
56 0.199786 0.0588855
57 0.194695 0.0572708
58 0.199871 0.067286
59 0.195774 0.104785
60 0.196098 0.0811779
61 0.195391 0.0799352
