1 0.196174 1
2 0.283091 1
3 0.197926 0.97082
4 0.193326 0.898695
5 0.199881 0.87836
6 0.197981 0.773165
7 0.187949 0.6998
8 0.19486 0.692
9 0.204616 0.602004
10 0.198646 0.574996
11 0.198672 0.552836
12 0.202801 0.52231
13 0.199978 0.467527
14 0.202938 0.418695
15 0.197972 0.455617
16 0.193115 0.395222
17 0.200127 0.293071
18 0.19837 0.357851
19 0.191828 0.354406
20 0.202872 0.332497
21 0.197899 0.276882
22 0.199168 0.205548
23 0.201667 0.255963
24 0.198756 0.265246
25 0.2041 0.23129
26 0.187203 0.213069
27 0.194886 0.230195
28 0.18483 0.249424
29 0.195742 0.197097
30 0.197898 0.147768
31 0.200812 0.207921
32 0.199372 0.163488
33 0.260287 0.234239
34 0.198122 0.18398
35 0.195481 0.165059
36 0.197797 0.113318
37 0.193213 0.123837
38 0.199808 0.121975
39 0.202903 0.162416
40 0.200246 0.11947
41 0.192503 0.158377
42 0.187514 0.135726
43 0.195701 0.113412
44 0.196612 0.149486
45 0.195955 0.105241
46 0.198945 0.0980834
47 0.196884 0.142536
48 0.189 0.127232
49 0.194804 0.105258
50 0.200395 0.0926578
51 0.189031 0.0731988
52 0.19415 0.112618
53 0.201104 0.0812455
54 0.199211 0.0921306
55 0.201095 0.118671
56 0.198709 0.0650536
57 0.200082 0.0626962
58 0.188426 0.105826
59 0.199401 0.09218
60 0.191948 0.0663281
61 0.198349 0.0949571
62 0.193999 0.0505578
63 0.20109 0.0697069
64 0.194162 0.0703123
65 0.198309 0.0636003
66 0.198665 0.0844503
67 0.194298 0.0500527
68 0.197017 0.0643275
69 0.200104 0.0642399
70 0.192698 0.057333
71 0.188445 0.0621512
72 0.200452 0.0445982
73 0.188411 0.0387943
74 0.200274 0.0595493
75 0.186923 0.0589387
76 0.198253 0.0348236
77 0.198344 0.034544
78 0.201622 0.0400491
79 0.197965 0.0373137
80 0.200501 0.0349167
81 0.200001 0.048326
82 0.185845 0.0490862
83 0.200802 0.0256165
84 0.209206 0.0593724
85 0.246289 0.0548561
86 0.188538 0.0331719
87 0.187775 0.0479092
88 0.200138 0.0381101
89 0.201923 0.036915
90 0.191532 0.0434375
91 0.201561 0.0327136
92 0.201631 0.0367109
93 0.200298 0.0443151
94 0.187869 0.0491404
95 0.221829 0.0371283
96 0.202306 0.0482083
97 0.200397 0.0259013
98 0.199172 0.0343482
99 0.200987 0.0297856
100 0.200374 0.0197712
1 0.196047 1
2 0.188441 1
3 0.192486 0.9675
4 0.200052 0.90986
5 0.195857 0.849045
6 0.198198 0.77972
7 0.197902 0.73483
8 0.195139 0.706465
9 0.199851 0.612276
10 0.197818 0.504551
11 0.197307 0.531825
12 0.200104 0.511898
13 0.191647 0.583839
14 0.20037 0.454781
15 0.198065 0.487925
16 0.191212 0.412517
17 0.188354 0.409697
18 0.199799 0.325109
19 0.193438 0.343574
20 0.193227 0.3258
21 0.192593 0.274826
22 0.201524 0.27999
23 0.202922 0.270243
24 0.19388 0.23058
25 0.189021 0.271769
26 0.202155 0.204733
27 0.196603 0.242361
28 0.202222 0.271041
29 0.197566 0.208071
30 0.200931 0.223952
31 0.198145 0.217154
32 0.166998 0.174141
33 0.195361 0.150534
34 0.199 0.169221
35 0.201655 0.186271
36 0.191109 0.146983
37 0.199933 0.159607
38 0.192266 0.132487
39 0.200137 0.161658
40 0.200466 0.15512
41 0.201561 0.113899
42 0.199039 0.109393
43 0.192295 0.130677
44 0.189191 0.11713
45 0.203605 0.133254
46 0.201152 0.079605
47 0.19008 0.109385
48 0.203875 0.100525
49 0.199981 0.0998128
50 0.202043 0.100849
51 0.197177 0.0859733
52 0.19395 0.0958654
53 0.193602 0.0858982
54 0.198435 0.0778821
55 0.198557 0.0714604
56 0.192336 0.0785533
57 0.197846 0.0715466
58 0.198871 0.0789692
59 0.200719 0.0832669
60 0.19342 0.0734306
61 0.195471 0.0671555
62 0.196676 0.0451729
63 0.19924 0.109861
64 0.201797 0.0708479
65 0.200918 0.057857
66 0.190261 0.0641961
67 0.180648 0.0593105
68 0.201278 0.0694472
69 0.199631 0.0835945
70 0.197094 0.0360424
71 0.191024 0.0451273
72 0.190677 0.0297573
73 0.201682 0.0684676
74 0.198124 0.0461019
75 0.281357 0.0775418
76 0.18599 0.0418152
77 0.199141 0.042008
78 0.191423 0.053971
79 0.192629 0.0363582
80 0.19507 0.0502241
81 0.245186 0.0764172
82 0.198952 0.0696809
83 0.201792 0.0391637
84 0.198979 0.0438948
85 0.196388 0.0258064
86 0.191836 0.0187324
87 0.193564 0.0298326
88 0.188677 0.029795
89 0.233897 0.0542841
90 0.190709 0.0266124
91 0.200886 0.0314395
92 0.203865 0.0345533
93 0.203581 0.0268303
94 0.201386 0.0289942
95 0.198719 0.0272184
96 0.20082 0.0282205
97 0.200986 0.0474739
98 0.199716 0.0352705
99 0.201836 0.0329288
100 0.196051 0.0393668
