1 0.19888 1
2 0.20152 1
3 0.203322 0.97752
4 0.223481 0.986375
5 0.196156 0.83393
6 0.197861 0.751875
7 0.194292 0.76509
8 0.196555 0.624735
9 0.191454 0.722405
10 0.19356 0.65927
11 0.202059 0.528292
12 0.19301 0.56216
13 0.281967 0.584598
14 0.195756 0.476846
15 0.200968 0.459286
16 0.202737 0.366612
17 0.192985 0.398641
18 0.200336 0.360467
19 0.202445 0.30556
20 0.187899 0.30301
21 0.201706 0.316174
22 0.263614 0.398105
23 0.244324 0.40032
24 0.193725 0.253325
25 0.200973 0.248623
26 0.190171 0.251771
27 0.191434 0.195301
28 0.195198 0.154155
29 0.192624 0.209805
30 0.202463 0.215834
31 0.191791 0.158355
32 0.179986 0.126538
33 0.198417 0.170097
34 0.185471 0.174625
35 0.196631 0.165554
36 0.196923 0.141653
37 0.199584 0.167756
38 0.19671 0.135449
39 0.194455 0.130193
40 0.20089 0.133464
41 0.201185 0.154091
42 0.178792 0.124351
43 0.200679 0.11074
44 0.200322 0.159424
45 0.203139 0.114441
46 0.197165 0.130185
47 0.200597 0.114786
48 0.18943 0.109354
49 0.200769 0.0789352
50 0.198138 0.104865
51 0.194292 0.0812286
52 0.203116 0.112003
53 0.285654 0.133862
54 0.197275 0.0850451
55 0.197402 0.0610769
56 0.196011 0.0850702
57 0.195477 0.104649
58 0.202269 0.0640648
59 0.196452 0.0761869
60 0.190895 0.0454827
61 0.19572 0.0682072
62 0.188949 0.0861404
63 0.187667 0.0632933
64 0.197561 0.0710377
65 0.196423 0.0622216
66 0.202688 0.112263
67 0.258222 0.11104
68 0.198882 0.0617377
69 0.19653 0.0654555
70 0.197128 0.0620545
71 0.19163 0.071831
72 0.191086 0.0440136
73 0.196377 0.0482535
74 0.200546 0.0644325
75 0.19979 0.0466566
76 0.195664 0.0541946
77 0.200723 0.0448902
78 0.188794 0.0591689
79 0.202035 0.0228841
80 0.167466 0.0233803
81 0.198773 0.049267
82 0.197264 0.0417785
83 0.270988 0.0722788
84 0.195329 0.0523483
85 0.195905 0.0475374
86 0.274161 0.0636879
87 0.192772 0.0285226
88 0.198511 0.0298326
89 0.199974 0.0322456
90 0.198411 0.0313269
91 0.194349 0.039459
92 0.180733 0.0348515
93 0.200609 0.0274928
94 0.200489 0.0488148
95 0.198185 0.0300773
96 0.201282 0.02611
97 0.197162 0.0442055
98 0.190963 0.0384338
99 0.198995 0.0323486
100 0.197848 0.02122
1 0.195363 1
2 0.201425 1
3 0.201787 0.97492
4 0.205468 0.98618
5 0.201922 0.89116
6 0.199541 0.77753
7 0.194634 0.656045
8 0.193247 0.664215
9 0.199819 0.650635
10 0.193589 0.54576
11 0.179458 0.566461
12 0.200422 0.531949
13 0.171284 0.514679
14 0.201669 0.496346
15 0.200206 0.434686
16 0.195319 0.393763
17 0.198232 0.317457
18 0.20018 0.374304
19 0.192018 0.31481
20 0.200411 0.341468
21 0.193466 0.275326
22 0.189282 0.288175
23 0.196012 0.309378
24 0.201553 0.213305
25 0.199545 0.24041
26 0.195751 0.139733
27 0.188368 0.226024
28 0.176228 0.243198
29 0.197334 0.218878
30 0.191075 0.210989
31 0.195006 0.202609
32 0.193248 0.190762
33 0.197463 0.227728
34 0.190843 0.175462
35 0.190066 0.189864
36 0.190608 0.183047
37 0.19664 0.14283
38 0.193938 0.1066
39 0.19344 0.160193
40 0.196041 0.130238
41 0.198796 0.125125
42 0.194284 0.126111
43 0.193304 0.137492
44 0.197781 0.0977091
45 0.20219 0.158058
46 0.199914 0.145905
47 0.18179 0.0817854
48 0.201476 0.0823583
49 0.176148 0.128783
50 0.198434 0.0929376
51 0.196701 0.107876
52 0.202458 0.0996182
53 0.189707 0.0646338
54 0.202192 0.0868998
55 0.199775 0.0961678
56 0.19787 0.0705629
57 0.201844 0.0698021
58 0.202676 0.0807134
59 0.196805 0.111127
60 0.201653 0.0740484
61 0.192672 0.077797
62 0.201662 0.0844252
63 0.201885 0.0636003
64 0.168987 0.0479908
65 0.199712 0.0543109
66 0.186872 0.0482717
67 0.190603 0.0769458
68 0.226661 0.0905867
69 0.195439 0.0286453
70 0.197907 0.0643713
71 0.192544 0.0513144
72 0.196218 0.0743398
73 0.202057 0.0441781
74 0.190441 0.0806035
75 0.193812 0.0476281
76 0.196742 0.0597616
77 0.199075 0.0427874
78 0.193448 0.0489686
79 0.202542 0.0344974
80 0.188215 0.0540604
81 0.198763 0.041907
82 0.173528 0.0353729
83 0.191799 0.0383228
84 0.199994 0.045264
85 0.193486 0.0557575
86 0.201799 0.0326856
87 0.196898 0.0411353
88 0.197343 0.0214881
89 0.195676 0.0459836
90 0.200292 0.0284093
91 0.262555 0.0607065
92 0.198854 0.0338818
93 0.19762 0.0358379
94 0.194943 0.0325358
95 0.19287 0.0320301
96 0.199543 0.0564435
97 0.201129 0.0204146
98 0.194882 0.0315708
99 0.200707 0.0396896
100 0.201089 0.0304441
