1 0.261229 1
2 0.193786 1
3 0.196742 0.949675
4 0.200432 0.904795
5 0.201671 0.8228
6 0.189153 0.80742
7 0.192834 0.759925
8 0.199649 0.67233
9 0.198375 0.664095
10 0.199283 0.5972
11 0.189953 0.583463
12 0.198384 0.551133
13 0.185286 0.480788
14 0.196472 0.515984
15 0.199744 0.374292
16 0.199309 0.403427
17 0.190441 0.37011
18 0.192956 0.373481
19 0.193241 0.334527
20 0.190984 0.31776
21 0.198356 0.347152
22 0.196094 0.268086
23 0.20336 0.294886
24 0.198948 0.313168
25 0.199244 0.237468
26 0.20053 0.253698
27 0.281295 0.290413
28 0.186902 0.312006
29 0.199835 0.169994
30 0.192022 0.265149
31 0.201035 0.209911
32 0.20133 0.177151
33 0.206533 0.281712
34 0.199197 0.187527
35 0.182359 0.145175
36 0.199645 0.231721
37 0.199882 0.152377
38 0.195187 0.138837
39 0.197486 0.142058
40 0.195279 0.115334
41 0.18725 0.119183
42 0.195187 0.157916
43 0.198393 0.146255
44 0.196384 0.0893693
45 0.198903 0.0873831
46 0.197649 0.112728
47 0.189346 0.0969105
48 0.202496 0.15924
49 0.184801 0.125484
50 0.190813 0.0998776
51 0.203196 0.105466
52 0.198529 0.0899742
53 0.191773 0.0802653
54 0.202414 0.0837456
55 0.191124 0.118873
56 0.188487 0.0552223
57 0.18992 0.0516203
58 0.1995 0.0771077
59 0.203672 0.106113
60 0.196994 0.0783325
61 0.199588 0.0559358
62 0.198077 0.0693606
63 0.199608 0.0786043
64 0.19618 0.0550616
65 0.201088 0.0815577
66 0.202199 0.0616584
67 0.202353 0.0628192
68 0.233896 0.0931021
69 0.19641 0.0571464
70 0.185444 0.0625732
71 0.197543 0.0484347
72 0.199585 0.050702
73 0.195363 0.0810513
74 0.194857 0.0787486
75 0.199667 0.0513054
76 0.199918 0.0745711
77 0.189593 0.0475374
78 0.201398 0.0306602
79 0.19555 0.0551508
80 0.195207 0.0660839
81 0.19547 0.0556505
82 0.197733 0.0361539
83 0.199433 0.0361167
84 0.196431 0.0425308
85 0.195632 0.0358286
86 0.1853 0.0333868
87 0.178882 0.0400584
88 0.198252 0.0324329
89 0.199684 0.0444338
90 0.201968 0.0462293
91 0.199442 0.0326762
92 0.198913 0.0490862
93 0.198124 0.0255406
94 0.190109 0.0300491
95 0.199217 0.047619
96 0.190167 0.0313363
97 0.199326 0.0320208
98 0.196542 0.0258349
99 0.201283 0.0400031
100 0.196165 0.0182025
1 0.190915 1
2 0.191731 1
3 0.200214 0.957145
4 0.184764 0.9064
5 0.192281 0.896145
6 0.196202 0.79491
7 0.187663 0.72779
8 0.199557 0.69291
9 0.19494 0.605345
10 0.201617 0.537256
11 0.187405 0.542562
12 0.198317 0.572887
13 0.196621 0.405201
14 0.198731 0.492281
15 0.192887 0.424757
16 0.193059 0.329255
17 0.1962 0.43346
18 0.196076 0.337485
19 0.193167 0.322759
20 0.199944 0.362265
21 0.173909 0.330454
22 0.197586 0.275084
23 0.195644 0.259808
24 0.197108 0.258386
25 0.175882 0.275614
26 0.189697 0.221953
27 0.198891 0.232888
28 0.197241 0.195242
29 0.189664 0.236892
30 0.191453 0.207607
31 0.195483 0.193646
32 0.194301 0.219774
33 0.201474 0.190997
34 0.194276 0.166076
35 0.198826 0.201431
36 0.238615 0.238774
37 0.195442 0.167243
38 0.199609 0.14079
39 0.199871 0.153769
40 0.19597 0.168032
41 0.195144 0.166055
42 0.200084 0.109052
43 0.194372 0.133051
44 0.187742 0.113884
45 0.20025 0.154949
46 0.197683 0.0864326
47 0.196533 0.0988149
48 0.195857 0.0956119
49 0.200402 0.0971144
50 0.181384 0.109908
51 0.204364 0.0997398
52 0.202311 0.0822825
53 0.196076 0.117878
54 0.199098 0.0842659
55 0.199822 0.0936364
56 0.189199 0.100404
57 0.177362 0.0580079
58 0.19864 0.0765025
59 0.201578 0.0808655
60 0.198808 0.0677729
61 0.199697 0.0818191
62 0.189711 0.0741084
63 0.201483 0.0924107
64 0.196138 0.0430897
65 0.20021 0.0761954
66 0.19699 0.0575107
67 0.197951 0.0376843
68 0.185867 0.0386279
69 0.191506 0.0639334
70 0.193141 0.0466839
71 0.195549 0.0431538
72 0.197894 0.0641436
73 0.20007 0.0533172
74 0.190661 0.0432545
75 0.195649 0.0382396
76 0.193474 0.0488329
77 0.197985 0.0447077
78 0.196393 0.0562298
79 0.196604 0.0657
80 0.202543 0.0411169
81 0.193669 0.0666592
82 0.195817 0.0322924
83 0.19853 0.0401966
84 0.196551 0.0507921
85 0.187666 0.0418886
86 0.194599 0.0394313
87 0.196994 0.0501249
88 0.190736 0.0248374
89 0.198592 0.0477007
90 0.1999 0.0446255
91 0.179433 0.028532
92 0.190997 0.0349726
93 0.197805 0.0416132
94 0.202039 0.0226931
95 0.19979 0.0322175
96 0.20094 0.0207407
97 0.280497 0.0411813
98 0.203243 0.0170058
99 0.195823 0.0329101
100 0.197967 0.0500256
