1 0.198456 1
2 0.19455 1
3 0.169936 0.97349
4 0.203555 0.92681
5 0.19209 0.834785
6 0.190771 0.732755
7 0.194223 0.72324
8 0.201483 0.6574
9 0.200132 0.6368
10 0.200334 0.511669
11 0.201548 0.545721
12 0.19886 0.488252
13 0.198582 0.545327
14 0.201095 0.518691
15 0.201408 0.397056
16 0.20284 0.414375
17 0.193066 0.321625
18 0.199227 0.322337
19 0.191296 0.36547
20 0.206222 0.314444
21 0.184547 0.314242
22 0.200137 0.217601
23 0.197403 0.26148
24 0.197584 0.243948
25 0.199549 0.206953
26 0.200328 0.26793
27 0.191416 0.234315
28 0.196123 0.195689
29 0.199076 0.189765
30 0.19131 0.168766
31 0.189739 0.214071
32 0.202126 0.177956
33 0.198375 0.241873
34 0.198672 0.152607
35 0.199099 0.189253
36 0.189697 0.112767
37 0.186353 0.164843
38 0.186538 0.191344
39 0.201985 0.147202
40 0.198353 0.124175
41 0.19712 0.13503
42 0.178202 0.133922
43 0.199498 0.123238
44 0.197633 0.123676
45 0.154559 0.108504
46 0.202091 0.128366
47 0.195792 0.125002
48 0.196061 0.12794
49 0.193997 0.0894688
50 0.199823 0.146357
51 0.19566 0.0918503
52 0.196907 0.0936036
53 0.199257 0.112279
54 0.176743 0.0916275
55 0.203082 0.097424
56 0.193695 0.0855303
57 0.184651 0.100598
58 0.197671 0.0937186
59 0.198828 0.0866579
60 0.181145 0.0699578
61 0.188169 0.077695
62 0.197601 0.0559893
63 0.199698 0.0631704
64 0.197184 0.0726401
65 0.192576 0.0600444
66 0.197124 0.0886971
67 0.20191 0.0650798
68 0.195512 0.0589564
69 0.199154 0.0639334
70 0.189075 0.0746738
71 0.192901 0.0445982
72 0.188045 0.0632319
73 0.197363 0.0627929
74 0.199351 0.0389975
75 0.193876 0.0665459
76 0.196575 0.046393
77 0.196666 0.0324609
78 0.203976 0.0421456
79 0.196875 0.0453461
80 0.185803 0.0399109
81 0.197374 0.0486248
82 0.199753 0.0532544
83 0.196711 0.0401781
84 0.197675 0.0620193
85 0.196295 0.0490138
86 0.197603 0.0372952
87 0.199762 0.0234566
88 0.173561 0.0314864
89 0.199152 0.0459472
90 0.194567 0.0436205
91 0.196272 0.0315427
92 0.191718 0.0316927
93 0.192141 0.0400676
94 0.191113 0.0210571
95 0.204646 0.0219666
96 0.199183 0.0287113
97 0.192226 0.0370727
98 0.197113 0.0248089
99 0.200284 0.0241903
100 0.19629 0.0275684
1 0.194748 1
2 0.19703 1
3 0.199073 0.96437
4 0.195487 0.92033
5 0.271621 0.96185
6 0.200023 0.798885
7 0.186559 0.72556
8 0.195231 0.64225
9 0.183992 0.602461
10 0.197772 0.591474
11 0.189568 0.551671
12 0.200853 0.572408
13 0.199133 0.490348
14 0.199553 0.444482
15 0.175966 0.407505
16 0.192557 0.422027
17 0.199522 0.428437
18 0.196502 0.378365
19 0.194651 0.377885
20 0.203265 0.416276
21 0.200146 0.289874
22 0.201661 0.293176
23 0.184242 0.294478
24 0.198946 0.301744
25 0.199177 0.279212
26 0.208258 0.326214
27 0.215464 0.397064
28 0.199362 0.219287
29 0.203002 0.174059
30 0.201487 0.221166
31 0.201384 0.156325
32 0.202281 0.152643
33 0.199828 0.152427
34 0.200247 0.186483
35 0.200807 0.152822
36 0.198818 0.142014
37 0.196504 0.150822
38 0.196566 0.158455
39 0.197728 0.156061
40 0.197733 0.146801
41 0.192503 0.156936
42 0.271016 0.201571
43 0.241466 0.198615
44 0.193955 0.102946
45 0.19823 0.10668
46 0.204247 0.112602
47 0.202409 0.109377
48 0.18425 0.12236
49 0.188583 0.119757
50 0.191713 0.108663
51 0.199685 0.0786043
52 0.201 0.111924
53 0.194335 0.085731
54 0.199607 0.0994885
55 0.195377 0.0793847
56 0.196592 0.0698799
57 0.187166 0.0798675
58 0.197214 0.0671033
59 0.201999 0.0669379
60 0.201873 0.0899494
61 0.199972 0.0973426
62 0.202561 0.136323
63 0.19934 0.0746738
64 0.191398 0.0751103
65 0.194267 0.0598146
66 0.198393 0.0766049
67 0.203984 0.0639947
68 0.200366 0.0571464
69 0.201494 0.0492037
70 0.199035 0.0373971
71 0.194918 0.0481539
72 0.199285 0.0405005
73 0.200018 0.0472379
74 0.185851 0.0377491
75 0.181723 0.0858731
76 0.195654 0.0388589
77 0.248569 0.072339
78 0.187231 0.0502602
79 0.204154 0.0330784
80 0.187514 0.0294466
81 0.188729 0.0404176
82 0.197774 0.0444886
83 0.196175 0.0515843
84 0.198351 0.0438856
85 0.201835 0.0421272
86 0.20169 0.0393483
87 0.198005 0.0546328
88 0.197638 0.030585
89 0.199954 0.0284565
90 0.19038 0.0442786
91 0.196631 0.0313363
92 0.199262 0.0416132
93 0.195782 0.0317302
94 0.195547 0.0482083
95 0.200013 0.0321051
96 0.200195 0.0262617
97 0.198223 0.0319739
98 0.199426 0.0252936
99 0.194324 0.0321238
100 0.200707 0.0244569
