1 0.228241 1
2 0.179478 1
3 0.244067 1
4 0.174124 0.85461
5 0.195803 0.96729
6 0.243991 0.909836
7 0.260954 0.97619
8 0.223928 0.712766
9 0.177305 0.332813
10 0.223658 0.546992
11 0.224667 0.493906
12 0.186422 0.46773
13 0.17954 0.248853
14 0.175927 0.243168
15 0.181365 0.222153
16 0.222106 0.380817
17 0.202798 0.362368
18 0.17709 0.201915
19 0.218264 0.334843
20 0.231306 0.320229
21 0.2426 0.302261
22 0.238087 0.296468
23 0.179682 0.295675
24 0.190986 0.277196
25 0.229722 0.263731
26 0.184591 0.253731
27 0.221066 0.258105
28 0.200033 0.243628
29 0.178292 0.132697
30 0.232567 0.224566
31 0.2145 0.220638
32 0.179389 0.133899
33 0.181483 0.13808
34 0.208214 0.214947
35 0.246621 0.205719
36 0.239084 0.200256
37 0.17732 0.110953
38 0.244792 0.197496
39 0.189254 0.185999
40 0.223289 0.175734
41 0.20159 0.178172
42 0.228139 0.171019
43 0.236764 0.166667
44 0.190463 0.178982
45 0.235345 0.16332
46 0.244248 0.15462
47 0.183579 0.0938746
48 0.176022 0.109449
49 0.211651 0.147994
50 0.179806 0.0936282
51 0.178265 0.0868414
52 0.239655 0.156474
53 0.174904 0.098368
54 0.179489 0.154191
55 0.17643 0.0895849
56 0.171656 0.0785109
57 0.204159 0.143836
58 0.177351 0.0825688
59 0.223654 0.127095
60 0.24084 0.130208
61 0.178396 0.0817264
62 0.232233 0.120647
63 0.244784 0.120028
64 0.245883 0.126332
65 0.200606 0.115123
66 0.199457 0.111269
67 0.178894 0.0705456
68 0.213289 0.137336
69 0.242049 0.114182
70 0.236992 0.126332
71 0.227605 0.0988555
72 0.226519 0.104424
73 0.18039 0.0788504
74 0.200151 0.102978
75 0.229862 0.104424
76 0.229472 0.09731
77 0.228415 0.0932173
78 0.217656 0.0996669
79 0.174183 0.0929705
80 0.24347 0.0977172
81 0.178259 0.078426
82 0.239805 0.0990179
83 0.18048 0.0442512
84 0.244619 0.0835777
85 0.176323 0.0584691
86 0.233149 0.0951864
87 0.230223 0.0980428
88 0.228894 0.0912395
89 0.240411 0.0769799
90 0.239658 0.0764684
91 0.218356 0.0841652
92 0.216398 0.0962494
93 0.185849 0.0684676
94 0.175588 0.0528509
95 0.247574 0.070632
96 0.230189 0.0839974
97 0.180047 0.0559804
98 0.180592 0.0469837
99 0.215662 0.0772354
100 0.173187 0.0551776
1 0.228241 1
2 0.179478 1
3 0.244067 1
4 0.174124 0.85461
5 0.195803 0.96729
6 0.243991 0.909836
7 0.260954 0.97619
8 0.223928 0.712766
9 0.177305 0.332813
10 0.223658 0.546992
11 0.224667 0.493906
12 0.186422 0.46773
13 0.17954 0.248853
14 0.175927 0.243168
15 0.181365 0.222153
16 0.222106 0.380817
17 0.202798 0.362368
18 0.17709 0.201915
19 0.218264 0.334843
20 0.231306 0.320229
21 0.2426 0.302261
22 0.238087 0.296468
23 0.179682 0.295675
24 0.190986 0.277196
25 0.229722 0.263731
26 0.184591 0.253731
27 0.221066 0.258105
28 0.200033 0.243628
29 0.178292 0.132697
30 0.232567 0.224566
31 0.2145 0.220638
32 0.179389 0.133899
33 0.181483 0.13808
34 0.208214 0.214947
35 0.246621 0.205719
36 0.239084 0.200256
37 0.17732 0.110953
38 0.244792 0.197496
39 0.189254 0.185999
40 0.223289 0.175734
41 0.20159 0.178172
42 0.228139 0.171019
43 0.236764 0.166667
44 0.190463 0.178982
45 0.235345 0.16332
46 0.244248 0.15462
47 0.183579 0.0938746
48 0.176022 0.109449
49 0.211651 0.147994
50 0.179806 0.0936282
51 0.178265 0.0868414
52 0.239655 0.156474
53 0.174904 0.098368
54 0.179489 0.154191
55 0.17643 0.0895849
56 0.171656 0.0785109
57 0.204159 0.143836
58 0.177351 0.0825688
59 0.223654 0.127095
60 0.24084 0.130208
61 0.178396 0.0817264
62 0.232233 0.120647
63 0.244784 0.120028
64 0.245883 0.126332
65 0.200606 0.115123
66 0.199457 0.111269
67 0.178894 0.0705456
68 0.213289 0.137336
69 0.242049 0.114182
70 0.236992 0.126332
71 0.227605 0.0988555
72 0.226519 0.104424
73 0.18039 0.0788504
74 0.200151 0.102978
75 0.229862 0.104424
76 0.229472 0.09731
77 0.228415 0.0932173
78 0.217656 0.0996669
79 0.174183 0.0929705
80 0.24347 0.0977172
81 0.178259 0.078426
82 0.239805 0.0990179
83 0.18048 0.0442512
84 0.244619 0.0835777
85 0.176323 0.0584691
86 0.233149 0.0951864
87 0.230223 0.0980428
88 0.228894 0.0912395
89 0.240411 0.0769799
90 0.239658 0.0764684
91 0.218356 0.0841652
92 0.216398 0.0962494
93 0.185849 0.0684676
94 0.175588 0.0528509
95 0.247574 0.070632
96 0.230189 0.0839974
97 0.180047 0.0559804
98 0.180592 0.0469837
99 0.215662 0.0772354
100 0.173187 0.0551776
1 0.210152 1
2 0.249603 1
3 0.226553 1
4 0.177829 0.867647
5 0.180359 0.550865
6 0.236382 0.909836
7 0.181297 0.410742
8 0.250221 0.884615
9 0.238212 0.679856
10 0.181281 0.316634
11 0.234442 0.485607
12 0.232421 0.461916
13 0.182428 0.251591
14 0.214638 0.411758
15 0.231215 0.389578
16 0.193859 0.368367
17 0.239735 0.365336
18 0.180025 0.205719
19 0.202868 0.336304
20 0.210207 0.314566
21 0.217502 0.298132
22 0.225445 0.298492
23 0.182809 0.155548
24 0.176228 0.154334
25 0.23645 0.269166
26 0.227627 0.25915
27 0.246041 0.260902
28 0.182163 0.242654
29 0.179094 0.126714
30 0.179295 0.147412
31 0.238602 0.229109
32 0.179526 0.13897
33 0.240928 0.206475
34 0.221712 0.22318
35 0.237403 0.19048
36 0.240384 0.210547
37 0.208966 0.216424
38 0.248425 0.199872
39 0.198151 0.195754
40 0.240462 0.184073
41 0.24388 0.180059
42 0.243251 0.174577
43 0.2265 0.171019
44 0.234022 0.167707
45 0.218813 0.173007
46 0.222807 0.165554
47 0.182981 0.162339
48 0.246117 0.154048
49 0.17174 0.0941208
50 0.175994 0.0779161
51 0.181253 0.0807134
52 0.229512 0.146539
53 0.178638 0.082232
54 0.223978 0.140672
55 0.173278 0.100315
56 0.237658 0.13577
57 0.178492 0.0691613
58 0.232382 0.131341
59 0.197196 0.132998
60 0.177667 0.0789352
61 0.228253 0.132998
62 0.223723 0.137857
63 0.262699 0.184672
64 0.234555 0.134424
65 0.231777 0.11653
66 0.209072 0.108098
67 0.194544 0.124113
68 0.180566 0.0786807
69 0.214413 0.106185
70 0.179989 0.0667289
71 0.245991 0.114653
72 0.179369 0.0813889
73 0.216227 0.117699
74 0.175959 0.1008
75 0.234459 0.121574
76 0.231733 0.107621
77 0.181764 0.0510533
78 0.224359 0.100719
79 0.176963 0.0616496
80 0.237314 0.101204
81 0.222459 0.0929705
82 0.211504 0.0906611
83 0.243448 0.0879241
84 0.221893 0.0887552
85 0.220833 0.0937103
86 0.21597 0.0819793
87 0.212519 0.0724423
88 0.234722 0.074845
89 0.208148 0.0695943
90 0.240011 0.0815577
91 0.234887 0.0939567
92 0.240195 0.082232
93 0.177526 0.0529406
94 0.195038 0.0764684
95 0.176798 0.0361446
96 0.242814 0.0746738
97 0.176635 0.047619
98 0.183315 0.0536576
99 0.181566 0.0587349
100 0.230831 0.069854
1 0.229611 1
2 0.17527 1
3 0.235856 1
4 0.178565 0.847222
5 0.227317 0.946429
6 0.23869 0.923729
7 0.182962 0.411576
8 0.235934 0.837838
9 0.180925 0.339244
10 0.22563 0.592081
11 0.216276 0.495053
12 0.222607 0.470064
13 0.218934 0.430676
14 0.178871 0.230828
15 0.231424 0.391495
16 0.231967 0.382745
17 0.218412 0.361831
18 0.179086 0.337114
19 0.175096 0.181334
20 0.233242 0.332532
21 0.220396 0.306037
22 0.237399 0.293036
23 0.237757 0.289773
24 0.243119 0.279591
25 0.21946 0.259643
26 0.180941 0.145664
27 0.199703 0.247555
28 0.168694 0.149298
29 0.244421 0.237049
30 0.179006 0.134199
31 0.201915 0.217282
32 0.24469 0.219786
33 0.225467 0.225467
34 0.177063 0.130813
35 0.206585 0.201788
36 0.178929 0.132923
37 0.199363 0.191593
38 0.181208 0.108496
39 0.238215 0.194003
40 0.178696 0.107701
41 0.240142 0.180865
42 0.211572 0.1812
43 0.183745 0.110874
44 0.199598 0.166041
45 0.246321 0.169642
46 0.243496 0.16833
47 0.233125 0.158957
48 0.211533 0.154263
49 0.233333 0.152255
50 0.236939 0.172665
51 0.202389 0.149443
52 0.176971 0.135173
53 0.23751 0.155263
54 0.247413 0.139859
55 0.236535 0.1629
56 0.213007 0.147412
57 0.183063 0.0845844
58 0.174828 0.0769799
59 0.238004 0.133599
60 0.20723 0.132622
61 0.207503 0.125568
62 0.178836 0.0669031
63 0.177776 0.0969024
64 0.247864 0.125339
65 0.245458 0.126332
66 0.179596 0.0760418
67 0.224377 0.112137
68 0.21626 0.10778
69 0.181482 0.0633196
70 0.183951 0.101366
71 0.231742 0.101931
72 0.176437 0.0609447
73 0.183367 0.0667289
74 0.237928 0.0997479
75 0.241976 0.0962494
76 0.179849 0.0487062
77 0.180774 0.0932995
78 0.237921 0.100315
79 0.175165 0.0790201
80 0.179017 0.0711499
81 0.236322 0.0964944
82 0.229952 0.092806
83 0.247072 0.100396
84 0.174513 0.062705
85 0.234411 0.0962494
86 0.249455 0.0988555
87 0.232002 0.0786807
88 0.182232 0.039016
89 0.185477 0.0839135
90 0.183405 0.0566038
91 0.243745 0.094367
92 0.214766 0.0690747
93 0.231332 0.0624414
94 0.197819 0.0807979
95 0.224383 0.0819793
96 0.248757 0.0751873
97 0.181082 0.050152
98 0.234602 0.0742455
99 0.227389 0.0861738
100 0.234481 0.0694212
1 0.241185 1
2 0.239661 1
3 0.250188 1
4 0.250333 0.985437
5 0.180559 0.752525
6 0.178469 0.461951
7 0.240891 0.87037
8 0.178956 0.373967
9 0.244096 0.739234
10 0.174133 0.309017
11 0.181301 0.28199
12 0.229291 0.468164
13 0.236002 0.440171
14 0.223678 0.412244
15 0.226543 0.394693
16 0.244345 0.366711
17 0.222195 0.361032
18 0.22571 0.34985
19 0.223892 0.328586
20 0.23439 0.32439
21 0.224149 0.302304
22 0.197758 0.291634
23 0.239184 0.290277
24 0.212 0.283616
25 0.210786 0.267507
26 0.181624 0.261611
27 0.176989 0.140155
28 0.208749 0.238385
29 0.219546 0.240699
30 0.239361 0.23136
31 0.253413 0.230532
32 0.192452 0.22082
33 0.202723 0.215379
34 0.182163 0.119176
35 0.242173 0.203948
36 0.241163 0.201979
37 0.219644 0.195689
38 0.212673 0.185137
39 0.235131 0.186529
40 0.185031 0.103943
41 0.178596 0.116764
42 0.178572 0.107223
43 0.235926 0.166667
44 0.178977 0.115514
45 0.237552 0.176548
46 0.227794 0.158745
47 0.176164 0.0953501
48 0.230626 0.156545
49 0.224959 0.164997
50 0.241409 0.149949
51 0.214999 0.141999
52 0.235626 0.153905
53 0.178294 0.0908264
54 0.176506 0.0747594
55 0.238002 0.151031
56 0.239102 0.134948
57 0.180732 0.079444
58 0.199263 0.125645
59 0.180107 0.0845844
60 0.176484 0.0886722
61 0.210739 0.118943
62 0.228998 0.118244
63 0.198999 0.119951
64 0.203172 0.129602
65 0.183492 0.129147
66 0.244777 0.102737
67 0.238043 0.103782
68 0.177994 0.0590007
69 0.240185 0.118088
70 0.249538 0.112216
71 0.234367 0.111979
72 0.223901 0.104665
73 0.240412 0.136517
74 0.231467 0.105546
75 0.191501 0.104183
76 0.183785 0.0683808
77 0.240444 0.103059
78 0.221208 0.0982054
79 0.179161 0.0807134
80 0.223108 0.0907438
81 0.206342 0.132622
82 0.176709 0.0609447
83 0.211266 0.0987743
84 0.224667 0.0868414
85 0.176704 0.0417785
86 0.243401 0.0926413
87 0.229288 0.0963311
88 0.239917 0.104103
89 0.195311 0.0842491
90 0.193042 0.0790201
91 0.176541 0.0517732
92 0.213593 0.0819793
93 0.180427 0.0628807
94 0.181743 0.0564257
95 0.239415 0.0745025
96 0.223432 0.0662932
97 0.232427 0.0574929
98 0.247636 0.0824846
99 0.220178 0.0887552
100 0.237655 0.0642837
1 0.211978 1
2 0.178072 1
3 0.173155 0.97619
4 0.264192 1
5 0.226598 0.931034
6 0.238644 0.887597
7 0.235768 0.844828
8 0.210225 0.797619
9 0.177062 0.339613
10 0.185889 0.642045
11 0.224497 0.497791
12 0.232886 0.473363
13 0.244162 0.438647
14 0.198422 0.41484
15 0.249348 0.393223
16 0.201357 0.37042
17 0.168739 0.205782
18 0.233948 0.350909
19 0.179269 0.195301
20 0.219658 0.311579
21 0.223342 0.309596
22 0.191373 0.297259
23 0.205004 0.279227
24 0.226586 0.282691
25 0.230946 0.261993
26 0.221025 0.256727
27 0.244619 0.245397
28 0.190884 0.248233
29 0.219216 0.232952
30 0.19134 0.240871
31 0.213019 0.229406
32 0.179837 0.130208
33 0.180021 0.119641
34 0.218238 0.216362
35 0.24451 0.202743
36 0.200504 0.203251
37 0.250535 0.194003
38 0.179814 0.123653
39 0.250189 0.196464
40 0.180976 0.108893
41 0.225347 0.169711
42 0.189027 0.18354
43 0.229148 0.17979
44 0.181474 0.161215
45 0.242091 0.161566
46 0.179816 0.0932173
47 0.183244 0.104905
48 0.240476 0.153762
49 0.231092 0.162269
50 0.20839 0.164927
51 0.242015 0.159523
52 0.244143 0.145153
53 0.239768 0.152758
54 0.179309 0.0723562
55 0.224293 0.145445
56 0.225329 0.149371
57 0.235539 0.139563
58 0.180129 0.0726143
59 0.177433 0.0832417
60 0.231594 0.123192
61 0.178562 0.0800368
62 0.220828 0.141041
63 0.232013 0.124267
64 0.232994 0.120028
65 0.200931 0.130132
66 0.213238 0.119408
67 0.231388 0.117232
68 0.217275 0.122807
69 0.178361 0.0725283
70 0.232979 0.112216
71 0.183231 0.0715811
72 0.182729 0.0673382
73 0.249603 0.108019
74 0.175704 0.0803752
75 0.240066 0.100153
76 0.210108 0.105145
77 0.175462 0.0619137
78 0.24868 0.110637
79 0.223636 0.0951864
80 0.184669 0.109211
81 0.227839 0.102173
82 0.190434 0.1008
83 0.176944 0.0875912
84 0.177764 0.0679467
85 0.244494 0.093546
86 0.22867 0.0901647
87 0.180171 0.0669031
88 0.246052 0.0906611
89 0.212804 0.098368
90 0.197101 0.0781711
91 0.203291 0.0899163
92 0.238646 0.0799522
93 0.178917 0.0437028
94 0.19599 0.0760418
95 0.244581 0.0902475
96 0.176714 0.0486157
97 0.177833 0.0378139
98 0.178556 0.0643713
99 0.24176 0.0767242
100 0.213314 0.081642
1 0.232726 1
2 0.204733 1
3 0.237708 1
4 0.238933 0.985437
5 0.216458 0.92735
6 0.222482 0.92735
7 0.219466 0.862319
8 0.236695 0.785714
9 0.201557 0.593985
10 0.193396 0.574738
11 0.197862 0.495202
12 0.239004 0.457453
13 0.179132 0.261641
14 0.228557 0.417503
15 0.176385 0.228038
16 0.177775 0.223957
17 0.215215 0.363758
18 0.216292 0.349332
19 0.22835 0.338137
20 0.184619 0.320874
21 0.223936 0.309529
22 0.244823 0.293423
23 0.17596 0.164089
24 0.197725 0.274574
25 0.194483 0.262265
26 0.248671 0.254343
27 0.182028 0.158886
28 0.173524 0.158037
29 0.19395 0.229228
30 0.239938 0.226485
31 0.178245 0.129072
32 0.222724 0.209424
33 0.219207 0.209174
34 0.175326 0.110874
35 0.244861 0.209424
36 0.20961 0.210547
37 0.180688 0.117232
38 0.242332 0.201979
39 0.238816 0.191069
40 0.236998 0.176616
41 0.18006 0.104825
42 0.195666 0.1912
43 0.246648 0.18374
44 0.230009 0.172048
45 0.22838 0.179588
46 0.224017 0.164997
47 0.239443 0.174781
48 0.180586 0.100639
49 0.200578 0.170262
50 0.182813 0.085338
51 0.211287 0.144934
52 0.244505 0.158107
53 0.179743 0.0857561
54 0.221027 0.135696
55 0.242144 0.152039
56 0.19551 0.139859
57 0.211227 0.139118
58 0.223488 0.143102
59 0.248529 0.134049
60 0.179371 0.0793592
61 0.205638 0.123729
62 0.222177 0.122499
63 0.18247 0.0626172
64 0.239287 0.127932
65 0.24844 0.125492
66 0.228364 0.123499
67 0.176279 0.0671642
68 0.199652 0.117855
69 0.177462 0.069854
70 0.228569 0.108893
71 0.232865 0.106664
72 0.237016 0.103461
73 0.185144 0.0982867
74 0.179501 0.0609447
75 0.230283 0.108973
76 0.201402 0.103219
77 0.212936 0.0913221
78 0.183068 0.100072
79 0.192233 0.108417
80 0.231926 0.101366
81 0.243859 0.0959226
82 0.236928 0.0968208
83 0.196973 0.084752
84 0.185627 0.0881736
85 0.217119 0.0831576
86 0.204334 0.0981241
87 0.221087 0.0780011
88 0.20143 0.0977986
89 0.244573 0.0734735
90 0.220033 0.0910744
91 0.174514 0.050152
92 0.252217 0.0712362
93 0.241373 0.0930528
94 0.199991 0.0916523
95 0.22931 0.0553561
96 0.181112 0.0510533
97 0.177916 0.0379065
98 0.239926 0.0670772
99 0.226468 0.0793592
100 0.177207 0.0290319
1 0.251668 1
2 0.239968 1
3 0.24547 1
4 0.228455 0.990196
5 0.234698 0.958716
6 0.203823 0.931034
7 0.245186 0.903226
8 0.180371 0.37235
9 0.252 0.826797
10 0.179336 0.318816
11 0.179432 0.295274
12 0.181288 0.269908
13 0.233476 0.438593
14 0.238338 0.416727
15 0.232104 0.401537
16 0.214357 0.377453
17 0.212639 0.355523
18 0.227576 0.338712
19 0.1772 0.191331
20 0.213 0.321804
21 0.242317 0.297802
22 0.241373 0.287089
23 0.178703 0.173759
24 0.180288 0.143689
25 0.228162 0.271668
26 0.192056 0.256284
27 0.24387 0.251329
28 0.225421 0.246591
29 0.178507 0.144641
30 0.178267 0.125874
31 0.181957 0.125339
32 0.196024 0.228752
33 0.204683 0.212846
34 0.176876 0.121265
35 0.239238 0.214207
36 0.240075 0.199744
37 0.179664 0.114103
38 0.225111 0.204138
39 0.206116 0.183407
40 0.209065 0.176548
41 0.213993 0.187256
42 0.183608 0.108098
43 0.23264 0.164229
44 0.191704 0.171843
45 0.22775 0.16332
46 0.216652 0.167083
47 0.186052 0.159523
48 0.182844 0.159099
49 0.249144 0.15031
50 0.213738 0.157611
51 0.187065 0.159099
52 0.20648 0.148429
53 0.240646 0.15754
54 0.239891 0.138377
55 0.226066 0.134349
56 0.179619 0.0968208
57 0.23717 0.123422
58 0.184432 0.129754
59 0.18904 0.132321
60 0.177751 0.0782561
61 0.237481 0.125798
62 0.214612 0.130964
63 0.246753 0.118787
64 0.20566 0.118632
65 0.221893 0.125951
66 0.177934 0.0714087
67 0.200188 0.111901
68 0.244521 0.121728
69 0.228996 0.125874
70 0.234221 0.108496
71 0.179098 0.0800368
72 0.1811 0.113003
73 0.177064 0.0618257
74 0.224235 0.101689
75 0.179805 0.0529406
76 0.188387 0.0881736
77 0.210199 0.102737
78 0.218494 0.0937925
79 0.179627 0.089419
80 0.244347 0.094449
81 0.215636 0.093546
82 0.23195 0.0869248
83 0.222503 0.104905
84 0.175814 0.0555346
85 0.184353 0.093135
86 0.185177 0.0747594
87 0.218338 0.0874247
88 0.209105 0.091157
89 0.181231 0.0606801
90 0.21052 0.0780861
91 0.180831 0.0447989
92 0.181174 0.076639
93 0.24893 0.0824846
94 0.247857 0.0792745
95 0.249691 0.0747594
96 0.195746 0.0813045
97 0.243686 0.0732159
98 0.215113 0.0743312
99 0.242046 0.0599737
100 0.196821 0.0849195
