1 0.198456 1
2 0.197857 1
3 0.203375 0.938596
4 0.199552 0.824675
5 0.182347 0.708333
6 0.152128 0.571429
7 0.192783 0.463582
8 0.191403 0.431917
9 0.196139 0.390026
10 0.172052 0.376003
11 0.189924 0.363457
12 0.19709 0.337378
13 0.201011 0.309154
14 0.199635 0.294184
15 0.198678 0.281196
16 0.196463 0.287546
17 0.201004 0.273836
18 0.200719 0.276254
19 0.185161 0.25805
20 0.198557 0.244998
21 0.194155 0.245226
22 0.201198 0.242539
23 0.193444 0.219421
24 0.192072 0.233775
25 0.193473 0.226186
26 0.192137 0.223422
27 0.202882 0.226186
28 0.197698 0.219177
29 0.189864 0.210734
30 0.201148 0.214639
31 0.188132 0.208923
32 0.176085 0.207921
33 0.194006 0.194652
34 0.201117 0.217711
35 0.19865 0.182138
36 0.200987 0.185137
37 0.19991 0.193613
38 0.191726 0.188707
39 0.202202 0.17824
40 0.189564 0.18719
41 0.179133 0.203695
42 0.184837 0.170813
43 0.195308 0.164089
44 0.179214 0.18633
45 0.199349 0.168053
46 0.200232 0.164718
47 0.198473 0.15283
48 0.194149 0.173417
49 0.200491 0.157753
50 0.19964 0.170469
51 0.198307 0.170469
52 0.20002 0.135845
53 0.196435 0.156118
54 0.201194 0.153618
55 0.196996 0.139489
56 0.198462 0.176819
57 0.197825 0.164927
58 0.191732 0.150382
59 0.195453 0.159169
60 0.192381 0.171637
61 0.172194 0.153976
62 0.200774 0.143762
63 0.187829 0.150021
64 0.203869 0.120338
65 0.20207 0.135173
66 0.191715 0.183273
67 0.172574 0.15283
68 0.199579 0.145372
69 0.196433 0.128996
70 0.239514 0.17553
71 0.191186 0.137634
72 0.199699 0.146248
73 0.200427 0.117932
74 0.192543 0.14508
75 0.197436 0.129223
76 0.198781 0.129905
77 0.199484 0.139118
78 0.196706 0.112216
79 0.201412 0.100881
80 0.200946 0.128464
81 0.202524 0.108098
82 0.194287 0.125798
83 0.175812 0.134574
84 0.202517 0.159099
85 0.191965 0.124803
86 0.199664 0.123499
87 0.199894 0.111032
88 0.193206 0.121883
89 0.197527 0.12442
90 0.198773 0.0893361
91 0.195676 0.120647
92 0.199166 0.131794
93 0.193782 0.121034
94 0.200143 0.100558
95 0.200582 0.129451
96 0.192922 0.0955956
97 0.199684 0.0932173
98 0.196148 0.12442
99 0.198774 0.111979
100 0.198966 0.106185
1 0.198456 1
2 0.197857 1
3 0.203375 0.938596
4 0.199552 0.824675
5 0.182347 0.708333
6 0.152128 0.571429
7 0.192783 0.463582
8 0.191403 0.431917
9 0.196139 0.390026
10 0.172052 0.376003
11 0.189924 0.363457
12 0.19709 0.337378
13 0.201011 0.309154
14 0.199635 0.294184
15 0.198678 0.281196
16 0.196463 0.287546
17 0.201004 0.273836
18 0.200719 0.276254
19 0.185161 0.25805
20 0.198557 0.244998
21 0.194155 0.245226
22 0.201198 0.242539
23 0.193444 0.219421
24 0.192072 0.233775
25 0.193473 0.226186
26 0.192137 0.223422
27 0.202882 0.226186
28 0.197698 0.219177
29 0.189864 0.210734
30 0.201148 0.214639
31 0.188132 0.208923
32 0.176085 0.207921
33 0.194006 0.194652
34 0.201117 0.217711
35 0.19865 0.182138
36 0.200987 0.185137
37 0.19991 0.193613
38 0.191726 0.188707
39 0.202202 0.17824
40 0.189564 0.18719
41 0.179133 0.203695
42 0.184837 0.170813
43 0.195308 0.164089
44 0.179214 0.18633
45 0.199349 0.168053
46 0.200232 0.164718
47 0.198473 0.15283
48 0.194149 0.173417
49 0.200491 0.157753
50 0.19964 0.170469
51 0.198307 0.170469
52 0.20002 0.135845
53 0.196435 0.156118
54 0.201194 0.153618
55 0.196996 0.139489
56 0.198462 0.176819
57 0.197825 0.164927
58 0.191732 0.150382
59 0.195453 0.159169
60 0.192381 0.171637
61 0.172194 0.153976
62 0.200774 0.143762
63 0.187829 0.150021
64 0.203869 0.120338
65 0.20207 0.135173
66 0.191715 0.183273
67 0.172574 0.15283
68 0.199579 0.145372
69 0.196433 0.128996
70 0.239514 0.17553
71 0.191186 0.137634
72 0.199699 0.146248
73 0.200427 0.117932
74 0.192543 0.14508
75 0.197436 0.129223
76 0.198781 0.129905
77 0.199484 0.139118
78 0.196706 0.112216
79 0.201412 0.100881
80 0.200946 0.128464
81 0.202524 0.108098
82 0.194287 0.125798
83 0.175812 0.134574
84 0.202517 0.159099
85 0.191965 0.124803
86 0.199664 0.123499
87 0.199894 0.111032
88 0.193206 0.121883
89 0.197527 0.12442
90 0.198773 0.0893361
91 0.195676 0.120647
92 0.199166 0.131794
93 0.193782 0.121034
94 0.200143 0.100558
95 0.200582 0.129451
96 0.192922 0.0955956
97 0.199684 0.0932173
98 0.196148 0.12442
99 0.198774 0.111979
100 0.198966 0.106185
1 0.19888 1
2 0.199704 1
3 0.18862 0.980769
4 0.19829 0.878788
5 0.189013 0.753807
6 0.194758 0.570126
7 0.198072 0.47067
8 0.275244 0.806748
9 0.199302 0.398894
10 0.200673 0.366671
11 0.187749 0.352869
12 0.200955 0.330628
13 0.19953 0.322447
14 0.197219 0.300748
15 0.200721 0.289369
16 0.199208 0.286122
17 0.191802 0.272727
18 0.220849 0.402297
19 0.203441 0.25816
20 0.194075 0.23937
21 0.199712 0.248911
22 0.200454 0.235416
23 0.198191 0.222153
24 0.199604 0.234127
25 0.197115 0.213032
26 0.202427 0.211792
27 0.201852 0.227561
28 0.183535 0.199872
29 0.196645 0.210921
30 0.195338 0.204898
31 0.194394 0.203822
32 0.171531 0.203631
33 0.201376 0.192311
34 0.191368 0.198011
35 0.200862 0.193158
36 0.201404 0.195041
37 0.189602 0.181602
38 0.199229 0.18507
39 0.177776 0.167638
40 0.195337 0.169366
41 0.193433 0.170537
42 0.199275 0.174917
43 0.194812 0.176141
44 0.197929 0.175869
45 0.199402 0.170744
46 0.193058 0.170606
47 0.199595 0.170056
48 0.1997 0.179319
49 0.192634 0.151967
50 0.199354 0.180261
51 0.2021 0.166944
52 0.190408 0.16339
53 0.202152 0.171774
54 0.198191 0.136964
55 0.188974 0.16381
56 0.200868 0.143909
57 0.197269 0.149877
58 0.201029 0.166806
59 0.195698 0.153547
60 0.196236 0.147558
61 0.193751 0.154406
62 0.201644 0.161918
63 0.204092 0.149081
64 0.194384 0.126866
65 0.252241 0.175802
66 0.197579 0.138302
67 0.198293 0.136218
68 0.184677 0.159452
69 0.200187 0.120647
70 0.200349 0.147267
71 0.19774 0.139415
72 0.19892 0.132998
73 0.202229 0.119641
74 0.196885 0.131794
75 0.202194 0.109924
76 0.198222 0.119408
77 0.247364 0.161777
78 0.187784 0.118244
79 0.201486 0.136666
80 0.198781 0.1274
81 0.197403 0.135845
82 0.196742 0.12026
83 0.197311 0.132472
84 0.197938 0.125492
85 0.237447 0.169711
86 0.203721 0.119563
87 0.201584 0.140229
88 0.198773 0.133449
89 0.200092 0.116217
90 0.198122 0.107621
91 0.202933 0.128312
92 0.195105 0.0841652
93 0.188016 0.112925
94 0.198723 0.0924766
95 0.20017 0.100477
96 0.190872 0.096576
97 0.198331 0.130208
98 0.201099 0.103139
99 0.195603 0.0969839
100 0.202397 0.117699
1 0.261229 1
2 0.197388 1
3 0.199133 0.903226
4 0.201892 0.931034
5 0.196378 0.720264
6 0.193533 0.57728
7 0.201806 0.461521
8 0.196884 0.428218
9 0.203468 0.401851
10 0.203682 0.368017
11 0.203261 0.355896
12 0.19412 0.338604
13 0.200312 0.322281
14 0.193213 0.309392
15 0.201505 0.292236
16 0.18819 0.283514
17 0.200148 0.281351
18 0.199544 0.268418
19 0.199814 0.25772
20 0.200993 0.247838
21 0.19374 0.247951
22 0.202512 0.236291
23 0.193999 0.232187
24 0.200715 0.223844
25 0.196743 0.231656
26 0.17777 0.20861
27 0.199951 0.203378
28 0.195834 0.210921
29 0.193537 0.207607
30 0.200696 0.19543
31 0.197639 0.207921
32 0.200661 0.187586
33 0.194225 0.172596
34 0.199352 0.199167
35 0.198039 0.197818
36 0.192337 0.191854
37 0.197736 0.187322
38 0.193877 0.191462
39 0.198294 0.18294
40 0.179083 0.172391
41 0.199506 0.187916
42 0.192235 0.164439
43 0.194137 0.180731
44 0.190075 0.170193
45 0.19212 0.180529
46 0.19884 0.16743
47 0.199956 0.166667
48 0.198145 0.167846
49 0.198271 0.164019
50 0.19529 0.155405
51 0.198873 0.161777
52 0.203282 0.180059
53 0.190772 0.144641
54 0.200299 0.140303
55 0.197461 0.151248
56 0.198746 0.165554
57 0.200935 0.148791
58 0.195066 0.152183
59 0.177753 0.142808
60 0.202178 0.16374
61 0.203676 0.142955
62 0.194802 0.142441
63 0.192099 0.156759
64 0.202216 0.148574
65 0.179978 0.14763
66 0.201349 0.153547
67 0.196736 0.150093
68 0.206029 0.179521
69 0.196865 0.144422
70 0.195977 0.129451
71 0.196875 0.135247
72 0.199008 0.12057
73 0.190421 0.119408
74 0.253758 0.173622
75 0.201014 0.137411
76 0.199195 0.127704
77 0.179117 0.12488
78 0.198239 0.103943
79 0.193518 0.144568
80 0.201485 0.135546
81 0.200494 0.108258
82 0.190952 0.132697
83 0.193036 0.156687
84 0.188887 0.0880073
85 0.193733 0.133073
86 0.19893 0.140303
87 0.198446 0.125951
88 0.199322 0.139193
89 0.20249 0.103461
90 0.196247 0.138451
91 0.196503 0.116686
92 0.197988 0.108098
93 0.198122 0.107701
94 0.199336 0.12142
95 0.198479 0.113475
96 0.199165 0.0958409
97 0.197248 0.103139
98 0.188039 0.0905784
99 0.199664 0.0958409
100 0.190894 0.0995047
1 0.196174 1
2 0.19526 1
3 0.201763 0.946429
4 0.203548 0.790698
5 0.181653 0.760417
6 0.192388 0.522056
7 0.200494 0.472252
8 0.195911 0.426081
9 0.205267 0.40326
10 0.183013 0.379859
11 0.188621 0.357401
12 0.20059 0.342275
13 0.192356 0.319126
14 0.202309 0.307719
15 0.19385 0.292186
16 0.192852 0.28602
17 0.226581 0.419253
18 0.189084 0.252895
19 0.19841 0.271509
20 0.190726 0.242022
21 0.201639 0.23524
22 0.198719 0.249249
23 0.199172 0.244256
24 0.178255 0.230888
25 0.200461 0.22762
26 0.199088 0.215563
27 0.196157 0.213465
28 0.1992 0.215809
29 0.260439 0.308006
30 0.198424 0.210111
31 0.186054 0.210547
32 0.193335 0.203568
33 0.201937 0.194003
34 0.200375 0.185336
35 0.191672 0.20306
36 0.198505 0.194977
37 0.199431 0.181535
38 0.186877 0.186132
39 0.24964 0.256174
40 0.201633 0.171294
41 0.201471 0.176955
42 0.199878 0.166389
43 0.195392 0.178037
44 0.193703 0.177158
45 0.199174 0.177022
46 0.201994 0.165275
47 0.197285 0.145518
48 0.194446 0.158603
49 0.19715 0.156972
50 0.197202 0.170537
51 0.197531 0.158532
52 0.199179 0.141631
53 0.198911 0.147776
54 0.195308 0.153618
55 0.19965 0.140229
56 0.201634 0.190349
57 0.199301 0.196658
58 0.173843 0.144568
59 0.184709 0.154191
60 0.200908 0.126409
61 0.191173 0.155619
62 0.197655 0.14763
63 0.193725 0.12778
64 0.198322 0.139637
65 0.192757 0.144055
66 0.198064 0.134948
67 0.198424 0.129223
68 0.197122 0.12026
69 0.202047 0.160369
70 0.198692 0.114653
71 0.196017 0.136293
72 0.199626 0.165066
73 0.202105 0.149226
74 0.198402 0.145591
75 0.197849 0.126332
76 0.200178 0.128844
77 0.194568 0.116998
78 0.200257 0.135322
79 0.20294 0.13577
80 0.176449 0.128692
81 0.174238 0.147776
82 0.191445 0.103782
83 0.198448 0.118244
84 0.190063 0.141557
85 0.191013 0.121034
86 0.1956 0.0993425
87 0.197034 0.122961
88 0.193903 0.123883
89 0.202534 0.110637
90 0.198326 0.119253
91 0.200408 0.109766
92 0.194761 0.0951864
93 0.190416 0.133073
94 0.197208 0.16353
95 0.201777 0.117699
96 0.202054 0.105866
97 0.191576 0.107223
98 0.19675 0.115436
99 0.193308 0.127932
100 0.201543 0.0912395
1 0.199743 1
2 0.201272 1
3 0.202561 0.971698
4 0.191999 0.87037
5 0.204521 0.731481
6 0.203701 0.558411
7 0.186366 0.468097
8 0.187838 0.427685
9 0.185957 0.393786
10 0.198055 0.367126
11 0.202664 0.34696
12 0.199903 0.329641
13 0.200232 0.31531
14 0.197754 0.309535
15 0.201644 0.295725
16 0.188258 0.290378
17 0.199843 0.277509
18 0.196461 0.265786
19 0.193612 0.251441
20 0.182902 0.252672
21 0.199026 0.238849
22 0.194524 0.240122
23 0.194658 0.226485
24 0.191309 0.236175
25 0.199707 0.211356
26 0.189426 0.228752
27 0.199827 0.21297
28 0.199853 0.199295
29 0.198023 0.214516
30 0.19841 0.209111
31 0.194575 0.195754
32 0.190509 0.204265
33 0.249694 0.274784
34 0.202809 0.193808
35 0.202047 0.18507
36 0.228451 0.25893
37 0.195544 0.181937
38 0.195611 0.18785
39 0.193823 0.176955
40 0.20038 0.186926
41 0.194892 0.176345
42 0.201236 0.169159
43 0.20231 0.17287
44 0.1956 0.188838
45 0.201247 0.16909
46 0.193421 0.181803
47 0.203121 0.185999
48 0.19878 0.14581
49 0.195767 0.176819
50 0.192055 0.148284
51 0.197443 0.155976
52 0.195115 0.156332
53 0.203772 0.132697
54 0.199193 0.154048
55 0.202548 0.149949
56 0.203571 0.169297
57 0.201222 0.160581
58 0.200914 0.137931
59 0.199172 0.170813
60 0.19719 0.144787
61 0.193902 0.141705
62 0.197722 0.158107
63 0.199871 0.139859
64 0.197755 0.173827
65 0.196837 0.132923
66 0.196237 0.12273
67 0.199462 0.126409
68 0.202683 0.167707
69 0.184534 0.141041
70 0.196369 0.124573
71 0.200186 0.127019
72 0.197761 0.145518
73 0.187766 0.112452
74 0.197254 0.151824
75 0.178318 0.127552
76 0.202492 0.113239
77 0.197532 0.112216
78 0.196889 0.10929
79 0.196803 0.123883
80 0.200423 0.111111
81 0.20225 0.121883
82 0.199068 0.120725
83 0.197157 0.105546
84 0.192951 0.152327
85 0.19922 0.114339
86 0.197767 0.0863408
87 0.198862 0.126027
88 0.190441 0.130435
89 0.201949 0.115514
90 0.19062 0.128084
91 0.198397 0.104103
92 0.198695 0.107143
93 0.197052 0.116686
94 0.201635 0.118399
95 0.197018 0.104183
96 0.198547 0.0871748
97 0.189543 0.130132
98 0.192248 0.0990991
99 0.194617 0.139489
100 0.19571 0.115044
1 0.195019 1
2 0.192031 1
3 0.196121 0.931034
4 0.202931 0.916667
5 0.200076 0.695312
6 0.197119 0.532051
7 0.191779 0.468801
8 0.202129 0.42971
9 0.19487 0.402583
10 0.198165 0.371734
11 0.186161 0.348661
12 0.198365 0.333911
13 0.199349 0.319024
14 0.191293 0.307191
15 0.198609 0.302358
16 0.199289 0.291534
17 0.199711 0.273361
18 0.202927 0.26557
19 0.189484 0.254288
20 0.196453 0.264598
21 0.197734 0.241677
22 0.202926 0.245283
23 0.196785 0.231006
24 0.197572 0.226844
25 0.198264 0.221911
26 0.199664 0.221729
27 0.19693 0.197561
28 0.200078 0.207104
29 0.183488 0.200639
30 0.19409 0.204518
31 0.198554 0.203758
32 0.271656 0.278915
33 0.201724 0.195559
34 0.200001 0.185601
35 0.189785 0.197689
36 0.191408 0.182673
37 0.259546 0.260738
38 0.2019 0.188707
39 0.194379 0.182004
40 0.199533 0.164927
41 0.187427 0.177767
42 0.199784 0.18633
43 0.185986 0.182539
44 0.18942 0.17095
45 0.191574 0.203441
46 0.200588 0.160017
47 0.196435 0.160228
48 0.177563 0.167846
49 0.200752 0.150815
50 0.192871 0.16346
51 0.194206 0.139933
52 0.190017 0.139193
53 0.202057 0.144787
54 0.202426 0.156261
55 0.198686 0.152973
56 0.195447 0.144787
57 0.199162 0.182873
58 0.200293 0.16311
59 0.192905 0.145737
60 0.190236 0.156687
61 0.19298 0.133749
62 0.201974 0.126638
63 0.197713 0.137187
64 0.19953 0.150815
65 0.199427 0.137262
66 0.195708 0.146321
67 0.169681 0.159311
68 0.199444 0.151248
69 0.202984 0.108178
70 0.193047 0.161918
71 0.200129 0.150455
72 0.197235 0.125262
73 0.257537 0.158886
74 0.204609 0.132321
75 0.191542 0.139415
76 0.199016 0.102092
77 0.192063 0.0990991
78 0.198204 0.113397
79 0.197763 0.122499
80 0.201108 0.125262
81 0.193164 0.107939
82 0.197831 0.123422
83 0.20146 0.107063
84 0.190146 0.113946
85 0.178722 0.118244
86 0.18862 0.141189
87 0.195592 0.127324
88 0.199534 0.111901
89 0.210486 0.141999
90 0.202995 0.104183
91 0.199723 0.0957591
92 0.184297 0.112058
93 0.275223 0.161636
94 0.19974 0.0942849
95 0.195796 0.0913221
96 0.190028 0.12196
97 0.198869 0.104905
98 0.193834 0.089502
99 0.200945 0.107939
100 0.197201 0.092559
1 0.215718 1
2 0.217789 1
3 0.198474 0.938596
4 0.197971 0.818471
5 0.190072 0.695312
6 0.193669 0.544444
7 0.197169 0.466549
8 0.202873 0.435035
9 0.190984 0.393197
10 0.191489 0.362616
11 0.200829 0.344619
12 0.199884 0.331327
13 0.201404 0.319913
14 0.182884 0.30065
15 0.196792 0.280731
16 0.177784 0.28653
17 0.198972 0.269966
18 0.198295 0.26041
19 0.195997 0.258105
20 0.19922 0.261775
21 0.190658 0.239717
22 0.176659 0.236466
23 0.199543 0.218933
24 0.197837 0.232128
25 0.199744 0.231479
26 0.195735 0.222697
27 0.202912 0.209861
28 0.193633 0.210859
29 0.197068 0.223361
30 0.199266 0.213465
31 0.200769 0.201915
32 0.183185 0.219055
33 0.200866 0.196335
34 0.180844 0.1964
35 0.227316 0.272674
36 0.200492 0.191266
37 0.194131 0.208297
38 0.201808 0.186794
39 0.188316 0.18686
40 0.198375 0.184539
41 0.202619 0.174509
42 0.195544 0.1704
43 0.196803 0.184273
44 0.202809 0.167499
45 0.199452 0.180731
46 0.196251 0.169021
47 0.196921 0.14966
48 0.264922 0.233246
49 0.1992 0.169573
50 0.197079 0.18294
51 0.198381 0.165624
52 0.19834 0.173759
53 0.186182 0.165136
54 0.195449 0.15132
55 0.170119 0.152901
56 0.198163 0.158816
57 0.201296 0.128996
58 0.18772 0.160581
59 0.200452 0.190742
60 0.197782 0.143982
61 0.203425 0.135173
62 0.202887 0.133899
63 0.1999 0.148791
64 0.185669 0.143909
65 0.195818 0.16625
66 0.193615 0.129754
67 0.197327 0.119873
68 0.278563 0.183807
69 0.19639 0.138599
70 0.201647 0.137336
71 0.285753 0.185203
72 0.195456 0.116217
73 0.18039 0.154334
74 0.195703 0.115201
75 0.194921 0.116998
76 0.201235 0.143762
77 0.191783 0.119951
78 0.196105 0.12488
79 0.201362 0.134948
80 0.191139 0.118632
81 0.191837 0.11426
82 0.197537 0.132697
83 0.199388 0.11653
84 0.1987 0.129602
85 0.197311 0.130737
86 0.196144 0.107541
87 0.185085 0.128312
88 0.21026 0.159311
89 0.237385 0.155976
90 0.191862 0.127171
91 0.19959 0.109766
92 0.198714 0.0885061
93 0.197378 0.134798
94 0.197513 0.112452
95 0.202411 0.0938746
96 0.179799 0.106584
97 0.195471 0.0991803
98 0.202348 0.141999
99 0.197696 0.0986119
100 0.199909 0.0946129
