1 0.198456 1
2 0.197857 1
3 0.203375 0.934783
4 0.199688 0.840136
5 0.193111 0.659744
6 0.194773 0.466225
7 0.200131 0.404104
8 0.202664 0.369087
9 0.198542 0.336046
10 0.198183 0.30483
11 0.199415 0.292736
12 0.200329 0.258875
13 0.200496 0.244085
14 0.200527 0.241983
15 0.203539 0.226126
16 0.194649 0.222214
17 0.198316 0.196271
18 0.187919 0.183474
19 0.199828 0.178645
20 0.197944 0.175394
21 0.188217 0.170675
22 0.193866 0.165832
23 0.229719 0.288965
24 0.193633 0.16051
25 0.198719 0.143689
26 0.202702 0.149371
27 0.196676 0.134948
28 0.196231 0.127704
29 0.199648 0.124497
30 0.182643 0.130586
31 0.189019 0.120183
32 0.189074 0.130208
33 0.200091 0.115044
34 0.198488 0.114417
35 0.196535 0.119331
36 0.190508 0.125798
37 0.199776 0.116608
38 0.192107 0.091157
39 0.190496 0.109845
40 0.201138 0.121728
41 0.193634 0.0912395
42 0.27438 0.169987
43 0.199568 0.10185
44 0.180664 0.0937925
45 0.199571 0.0857561
46 0.199483 0.094367
47 0.19955 0.0992614
48 0.184955 0.0762978
49 0.199154 0.0937103
50 0.196526 0.0832417
51 0.193849 0.11731
52 0.198083 0.0834097
53 0.19656 0.0840813
54 0.193781 0.0811357
55 0.200532 0.0662932
56 0.2002 0.076639
57 0.199591 0.0755293
58 0.202706 0.0865077
59 0.195289 0.0791897
60 0.198209 0.108734
61 0.200285 0.0577594
62 0.192914 0.0671642
63 0.198174 0.0678598
64 0.198637 0.0702864
65 0.197017 0.07313
66 0.20017 0.0618257
67 0.19862 0.0713224
68 0.1998 0.0796134
69 0.214213 0.108893
70 0.19653 0.0564257
71 0.200547 0.0648088
72 0.20006 0.0649836
73 0.199039 0.0661188
74 0.200688 0.0779161
75 0.205319 0.0703728
76 0.196914 0.0558021
77 0.193802 0.0590892
78 0.202684 0.0597969
79 0.200731 0.0608565
80 0.191681 0.0597085
81 0.19855 0.0511434
82 0.199453 0.0582031
83 0.187061 0.0498812
84 0.198519 0.0439771
85 0.194813 0.0557129
86 0.201098 0.0601504
87 0.195426 0.041411
88 0.202365 0.062705
89 0.199372 0.0596201
90 0.202421 0.0562476
91 0.192944 0.0443425
92 0.191902 0.0707183
93 0.193417 0.0446164
94 0.195879 0.0349353
95 0.200242 0.0644588
1 0.198456 1
2 0.197857 1
3 0.203375 0.934783
4 0.199688 0.840136
5 0.193111 0.659744
6 0.194773 0.466225
7 0.200131 0.404104
8 0.202664 0.369087
9 0.198542 0.336046
10 0.198183 0.30483
11 0.199415 0.292736
12 0.200329 0.258875
13 0.200496 0.244085
14 0.200527 0.241983
15 0.203539 0.226126
16 0.194649 0.222214
17 0.198316 0.196271
18 0.187919 0.183474
19 0.199828 0.178645
20 0.197944 0.175394
21 0.188217 0.170675
22 0.193866 0.165832
23 0.229719 0.288965
24 0.193633 0.16051
25 0.198719 0.143689
26 0.202702 0.149371
27 0.196676 0.134948
28 0.196231 0.127704
29 0.199648 0.124497
30 0.182643 0.130586
31 0.189019 0.120183
32 0.189074 0.130208
33 0.200091 0.115044
34 0.198488 0.114417
35 0.196535 0.119331
36 0.190508 0.125798
37 0.199776 0.116608
38 0.192107 0.091157
39 0.190496 0.109845
40 0.201138 0.121728
41 0.193634 0.0912395
42 0.27438 0.169987
43 0.199568 0.10185
44 0.180664 0.0937925
45 0.199571 0.0857561
46 0.199483 0.094367
47 0.19955 0.0992614
48 0.184955 0.0762978
49 0.199154 0.0937103
50 0.196526 0.0832417
51 0.193849 0.11731
52 0.198083 0.0834097
53 0.19656 0.0840813
54 0.193781 0.0811357
55 0.200532 0.0662932
56 0.2002 0.076639
57 0.199591 0.0755293
58 0.202706 0.0865077
59 0.195289 0.0791897
60 0.198209 0.108734
61 0.200285 0.0577594
62 0.192914 0.0671642
63 0.198174 0.0678598
64 0.198637 0.0702864
65 0.197017 0.07313
66 0.20017 0.0618257
67 0.19862 0.0713224
68 0.1998 0.0796134
69 0.214213 0.108893
70 0.19653 0.0564257
71 0.200547 0.0648088
72 0.20006 0.0649836
73 0.199039 0.0661188
74 0.200688 0.0779161
75 0.205319 0.0703728
76 0.196914 0.0558021
77 0.193802 0.0590892
78 0.202684 0.0597969
79 0.200731 0.0608565
80 0.191681 0.0597085
81 0.19855 0.0511434
82 0.199453 0.0582031
83 0.187061 0.0498812
84 0.198519 0.0439771
85 0.194813 0.0557129
86 0.201098 0.0601504
87 0.195426 0.041411
88 0.202365 0.062705
89 0.199372 0.0596201
90 0.202421 0.0562476
91 0.192944 0.0443425
92 0.191902 0.0707183
93 0.193417 0.0446164
94 0.195879 0.0349353
95 0.200242 0.0644588
1 0.19888 1
2 0.199704 1
3 0.18862 0.980769
4 0.19829 0.862319
5 0.199086 0.613379
6 0.202344 0.462704
7 0.19526 0.410704
8 0.196224 0.373393
9 0.201152 0.340766
10 0.195562 0.304852
11 0.187324 0.288333
12 0.19464 0.265378
13 0.200306 0.250712
14 0.203119 0.236758
15 0.201689 0.226605
16 0.196151 0.215809
17 0.180558 0.211232
18 0.199974 0.196141
19 0.19652 0.18752
20 0.199026 0.180328
21 0.198727 0.185601
22 0.197272 0.167361
23 0.194559 0.16395
24 0.202776 0.150238
25 0.188542 0.146612
26 0.198318 0.137485
27 0.180284 0.147703
28 0.201138 0.125951
29 0.201172 0.134499
30 0.194992 0.123038
31 0.184422 0.10786
32 0.187886 0.123115
33 0.181928 0.133824
34 0.198064 0.115201
35 0.19421 0.125645
36 0.189827 0.110241
37 0.210316 0.187322
38 0.201949 0.112058
39 0.198252 0.102334
40 0.200642 0.100315
41 0.200895 0.101285
42 0.186179 0.0914047
43 0.192026 0.0908264
44 0.190804 0.105626
45 0.199703 0.0865912
46 0.185213 0.0990179
47 0.200633 0.082653
48 0.200363 0.0811357
49 0.196992 0.092559
50 0.193485 0.0892532
51 0.200201 0.0880073
52 0.194837 0.0851706
53 0.197161 0.0946949
54 0.200757 0.0712362
55 0.208475 0.138228
56 0.198205 0.0733877
57 0.199913 0.0864243
58 0.201926 0.0735594
59 0.191481 0.077746
60 0.199739 0.0641961
61 0.199867 0.0683808
62 0.201374 0.0763831
63 0.193015 0.0685544
64 0.200825 0.0741598
65 0.192016 0.0674252
66 0.196411 0.0730441
67 0.203102 0.0780011
68 0.192986 0.0627929
69 0.19952 0.070632
70 0.191326 0.0654206
71 0.175826 0.0629685
72 0.254328 0.102092
73 0.195988 0.0610329
74 0.196126 0.0745025
75 0.2006 0.0661188
76 0.202838 0.070891
77 0.202619 0.0691613
78 0.193197 0.0657698
79 0.181735 0.0522225
80 0.196122 0.053568
81 0.197608 0.0526715
82 0.197718 0.0594432
83 0.202406 0.0461656
84 0.199248 0.0602387
85 0.223078 0.082653
86 0.197285 0.0727863
87 0.197836 0.0644588
88 0.1962 0.0631441
89 0.202545 0.0782561
90 0.197938 0.0470745
91 0.197626 0.0452549
92 0.228526 0.0656825
93 0.18783 0.0548204
94 0.20006 0.0429706
95 0.192217 0.0512334
96 0.199552 0.0300679
1 0.261229 1
2 0.197388 1
3 0.199133 0.903226
4 0.201892 0.903226
5 0.195875 0.660772
6 0.199857 0.461498
7 0.199805 0.413787
8 0.175755 0.369145
9 0.199858 0.339575
10 0.199782 0.320457
11 0.198059 0.286184
12 0.197702 0.268244
13 0.198543 0.247611
14 0.196865 0.244428
15 0.198176 0.228157
16 0.196411 0.208986
17 0.196501 0.203885
18 0.199585 0.197625
19 0.201927 0.1912
20 0.195171 0.178712
21 0.198385 0.173075
22 0.170261 0.166875
23 0.192954 0.178577
24 0.191088 0.151248
25 0.199945 0.148646
26 0.19789 0.138525
27 0.200585 0.132923
28 0.200834 0.135098
29 0.203465 0.136591
30 0.193612 0.129602
31 0.19905 0.123883
32 0.199476 0.117777
33 0.198078 0.119563
34 0.196603 0.112846
35 0.195474 0.112137
36 0.194698 0.108019
37 0.194717 0.120802
38 0.2009 0.113946
39 0.202769 0.09731
40 0.19575 0.0972285
41 0.201231 0.0929705
42 0.200235 0.103782
43 0.194368 0.115905
44 0.201357 0.0987743
45 0.182586 0.0924766
46 0.196253 0.0895849
47 0.191676 0.100315
48 0.196938 0.100153
49 0.196291 0.0807134
50 0.192666 0.081895
51 0.198749 0.0842491
52 0.199162 0.0806288
53 0.22329 0.14734
54 0.192039 0.0814733
55 0.184152 0.0696809
56 0.188476 0.0829895
57 0.201037 0.084752
58 0.192184 0.0723562
59 0.181216 0.0715811
60 0.189128 0.0618257
61 0.194188 0.110953
62 0.189313 0.0765537
63 0.20114 0.0662932
64 0.192593 0.0701134
65 0.200415 0.0697674
66 0.199862 0.0648962
67 0.197697 0.0638457
68 0.193365 0.070632
69 0.197199 0.0577594
70 0.196627 0.0846682
71 0.192406 0.0593547
72 0.198482 0.0674252
73 0.186532 0.0761271
74 0.194502 0.0724423
75 0.202758 0.0636704
76 0.202168 0.0592662
77 0.199918 0.0590007
78 0.193021 0.0487967
79 0.201589 0.0436113
80 0.196067 0.0590892
81 0.196411 0.0630563
82 0.201275 0.0490681
83 0.201915 0.0504226
84 0.285508 0.0941208
85 0.198037 0.0468929
86 0.199638 0.0502422
87 0.199094 0.0697674
88 0.203327 0.0579369
89 0.197967 0.0432453
90 0.200578 0.0803752
91 0.188626 0.0438856
92 0.201281 0.0461656
93 0.198715 0.0443425
94 0.198911 0.0460746
95 0.198584 0.0367945
1 0.196174 1
2 0.19526 1
3 0.201763 0.946429
4 0.203548 0.799401
5 0.202657 0.726244
6 0.198687 0.462472
7 0.255235 0.771739
8 0.222659 0.709205
9 0.195438 0.342968
10 0.187763 0.309578
11 0.201536 0.28091
12 0.242555 0.458319
13 0.199027 0.251105
14 0.194672 0.235065
15 0.20037 0.216485
16 0.221535 0.375367
17 0.200541 0.203758
18 0.195575 0.193613
19 0.194119 0.179521
20 0.237355 0.315959
21 0.199574 0.178577
22 0.203289 0.166528
23 0.19672 0.157682
24 0.184126 0.156047
25 0.192795 0.13897
26 0.196625 0.135621
27 0.200051 0.150671
28 0.20037 0.13808
29 0.199285 0.133224
30 0.199898 0.133374
31 0.202781 0.123883
32 0.203539 0.116139
33 0.195534 0.123038
34 0.202646 0.110241
35 0.197714 0.11653
36 0.197076 0.115514
37 0.196583 0.107621
38 0.198524 0.12892
39 0.202094 0.106664
40 0.199143 0.1008
41 0.188118 0.090413
42 0.197931 0.106584
43 0.196818 0.103621
44 0.196565 0.0877577
45 0.198875 0.104745
46 0.194001 0.092559
47 0.192922 0.0801214
48 0.201928 0.0850032
49 0.188393 0.0733877
50 0.19874 0.089419
51 0.201473 0.077746
52 0.197779 0.0806288
53 0.19562 0.0752728
54 0.199462 0.0798675
55 0.20161 0.0739026
56 0.198995 0.0762125
57 0.196342 0.0691613
58 0.200714 0.077746
59 0.196902 0.0792745
60 0.20094 0.0775759
61 0.19059 0.0724423
62 0.199124 0.0815577
63 0.183812 0.0592662
64 0.190749 0.0619137
65 0.200377 0.0702864
66 0.199253 0.0744169
67 0.190661 0.0732159
68 0.2061 0.0618257
69 0.201474 0.0745025
70 0.194142 0.0665547
71 0.199863 0.0624414
72 0.186554 0.069248
73 0.201406 0.0591777
74 0.190088 0.0569596
75 0.196321 0.0478004
76 0.19345 0.0559804
77 0.198966 0.0596201
78 0.196528 0.0480723
79 0.195119 0.0503324
80 0.192664 0.0659443
81 0.193645 0.0551776
82 0.193954 0.060327
83 0.20299 0.050693
84 0.19249 0.0506029
85 0.199831 0.0466203
86 0.191391 0.0443425
87 0.168891 0.0424208
88 0.18875 0.0575818
89 0.19828 0.0587349
90 0.197996 0.0377213
91 0.193038 0.0562476
92 0.190285 0.0539262
93 0.203237 0.0558912
94 0.178585 0.0493393
95 0.199359 0.0451638
96 0.200892 0.0426041
1 0.199743 1
2 0.201272 1
3 0.202561 0.96729
4 0.196213 0.76455
5 0.195039 0.741546
6 0.195887 0.463156
7 0.190443 0.407646
8 0.200935 0.367274
9 0.193437 0.338081
10 0.190792 0.318039
11 0.198927 0.291377
12 0.197795 0.266324
13 0.184209 0.248742
14 0.200399 0.23136
15 0.198144 0.220941
16 0.19327 0.21204
17 0.208392 0.353432
18 0.187729 0.203695
19 0.197625 0.186264
20 0.194899 0.177158
21 0.18795 0.170193
22 0.198597 0.16395
23 0.202082 0.146976
24 0.200719 0.146102
25 0.199793 0.144348
26 0.194272 0.143909
27 0.195919 0.140007
28 0.197761 0.12778
29 0.191251 0.134574
30 0.184492 0.12396
31 0.193317 0.130888
32 0.199684 0.122345
33 0.273839 0.206097
34 0.198421 0.113789
35 0.199658 0.113003
36 0.199869 0.0967392
37 0.186183 0.118088
38 0.199887 0.113239
39 0.198081 0.105866
40 0.182185 0.0964128
41 0.199103 0.0948588
42 0.186984 0.112216
43 0.173096 0.1008
44 0.221417 0.172048
45 0.200032 0.086758
46 0.200509 0.102576
47 0.192926 0.0854216
48 0.19272 0.0990179
49 0.198309 0.102334
50 0.20056 0.0984493
51 0.185266 0.0772354
52 0.201093 0.0918997
53 0.190219 0.0738168
54 0.198501 0.0807979
55 0.198011 0.0751017
56 0.201232 0.0789352
57 0.19196 0.0919822
58 0.192815 0.0792745
59 0.225378 0.121497
60 0.192843 0.0629685
61 0.198828 0.0635827
62 0.191054 0.0684676
63 0.202547 0.0643713
64 0.195893 0.0719258
65 0.200084 0.0785958
66 0.200169 0.060062
67 0.277187 0.115905
68 0.199787 0.0590892
69 0.248778 0.108576
70 0.192609 0.0683808
71 0.18666 0.0556238
72 0.202084 0.0524919
73 0.196876 0.0524022
74 0.252581 0.113711
75 0.201699 0.0701134
76 0.199896 0.0709773
77 0.191103 0.0581143
78 0.200694 0.0483441
79 0.202981 0.0547311
80 0.202288 0.0549097
81 0.191962 0.0625293
82 0.196934 0.0532096
83 0.198826 0.0657698
84 0.200514 0.0602387
85 0.175001 0.042879
86 0.19806 0.0500617
87 0.197644 0.0442512
88 0.185215 0.0695078
89 0.195769 0.0445251
90 0.201055 0.0486157
91 0.181432 0.0458926
92 0.202483 0.0542841
93 0.197907 0.0455283
94 0.183321 0.0556238
95 0.193007 0.042879
1 0.195019 1
2 0.192031 1
3 0.196121 0.938596
4 0.188451 0.84965
5 0.199708 0.806748
6 0.199914 0.465751
7 0.201756 0.411425
8 0.201227 0.373971
9 0.201076 0.338865
10 0.187691 0.30467
11 0.198351 0.283822
12 0.195892 0.267907
13 0.175326 0.245909
14 0.194953 0.23442
15 0.190903 0.222032
16 0.200376 0.215194
17 0.199839 0.198846
18 0.197795 0.193873
19 0.191287 0.192572
20 0.196875 0.176616
21 0.196861 0.176819
22 0.196144 0.167984
23 0.222871 0.289722
24 0.194466 0.149298
25 0.196982 0.145153
26 0.200124 0.126485
27 0.194751 0.140081
28 0.196699 0.125415
29 0.19539 0.133524
30 0.200919 0.124726
31 0.190112 0.1274
32 0.201488 0.131492
33 0.198204 0.125262
34 0.203812 0.105306
35 0.192259 0.10786
36 0.193403 0.125798
37 0.187982 0.116998
38 0.200443 0.111979
39 0.19644 0.114809
40 0.25233 0.179925
41 0.195735 0.119408
42 0.185405 0.105225
43 0.168349 0.0843329
44 0.191072 0.0995047
45 0.200827 0.097147
46 0.19624 0.0836617
47 0.197656 0.0829054
48 0.194289 0.0850869
49 0.196401 0.0825688
50 0.198378 0.0786807
51 0.197525 0.0738168
52 0.198421 0.0779161
53 0.199136 0.0918997
54 0.263736 0.151824
55 0.201238 0.0850869
56 0.187534 0.0899991
57 0.197473 0.0739883
58 0.202847 0.0629685
59 0.193806 0.0744169
60 0.198798 0.0749306
61 0.198536 0.0805443
62 0.199913 0.0567817
63 0.199117 0.0651585
64 0.201886 0.075871
65 0.200838 0.0655079
66 0.199709 0.0744169
67 0.196346 0.0779161
68 0.196779 0.0695078
69 0.19968 0.0657698
70 0.193037 0.0671642
71 0.205081 0.0824004
72 0.202133 0.069854
73 0.196854 0.0518631
74 0.240434 0.0975544
75 0.199362 0.0650711
76 0.201873 0.0608565
77 0.182739 0.0447989
78 0.195693 0.0643713
79 0.197886 0.0518631
80 0.184506 0.0513234
81 0.199585 0.0506029
82 0.198602 0.0655952
83 0.200779 0.0630563
84 0.189107 0.0545523
85 0.190999 0.0576706
86 0.198602 0.0717535
87 0.202983 0.0437942
88 0.1926 0.0643713
89 0.257928 0.0767242
90 0.193706 0.0447077
91 0.196194 0.0410433
92 0.198997 0.0340964
93 0.197271 0.0554454
94 0.19411 0.0551776
95 0.199022 0.0525817
96 0.190188 0.0410433
1 0.215718 1
2 0.217789 1
3 0.198474 0.938596
4 0.197971 0.814465
5 0.201206 0.718341
6 0.195405 0.465947
7 0.1983 0.414473
8 0.198407 0.371893
9 0.199876 0.335531
10 0.190468 0.306869
11 0.19777 0.288864
12 0.179386 0.26556
13 0.168104 0.247894
14 0.202202 0.225587
15 0.202194 0.226844
16 0.194094 0.220577
17 0.193125 0.204898
18 0.204271 0.197239
19 0.20101 0.196658
20 0.200297 0.179049
21 0.195185 0.170331
22 0.199184 0.154763
23 0.191438 0.155049
24 0.198778 0.161003
25 0.188586 0.150887
26 0.193948 0.149588
27 0.197788 0.253954
28 0.180086 0.137262
29 0.259649 0.238965
30 0.200648 0.131869
31 0.195649 0.117232
32 0.19349 0.128692
33 0.198024 0.121883
34 0.197317 0.131266
35 0.201604 0.114574
36 0.253313 0.202743
37 0.200377 0.110953
38 0.195503 0.0988555
39 0.195477 0.133749
40 0.203351 0.116998
41 0.200312 0.115983
42 0.194537 0.106345
43 0.202106 0.114966
44 0.196104 0.0969024
45 0.194725 0.0929705
46 0.200516 0.094531
47 0.199445 0.0892532
48 0.198841 0.0837456
49 0.199375 0.0807134
50 0.198587 0.104825
51 0.183104 0.0907438
52 0.196556 0.0788504
53 0.200921 0.0870915
54 0.189027 0.108417
55 0.196262 0.0689013
56 0.179655 0.076639
57 0.194988 0.0823162
58 0.199404 0.0780011
59 0.197607 0.0820635
60 0.196923 0.070632
61 0.202544 0.0732159
62 0.193038 0.0655079
63 0.195001 0.0830735
64 0.184822 0.0785958
65 0.197579 0.0744169
66 0.193137 0.0739883
67 0.199417 0.0782561
68 0.213911 0.119486
69 0.200115 0.068988
70 0.23549 0.108178
71 0.188504 0.0622656
72 0.203091 0.0638457
73 0.202932 0.0497007
74 0.198473 0.0547311
75 0.200991 0.0598853
76 0.19816 0.0506029
77 0.197144 0.0475283
78 0.194361 0.0714949
79 0.199352 0.0620017
80 0.200434 0.0498812
81 0.200081 0.0553561
82 0.200412 0.0530303
83 0.199745 0.0584691
84 0.184546 0.0484347
85 0.190582 0.0563367
86 0.197897 0.0496103
87 0.190456 0.0583804
88 0.195776 0.0585577
89 0.184467 0.0564257
90 0.200513 0.0574929
91 0.20353 0.0437028
92 0.201181 0.0403992
93 0.2025 0.0508732
94 0.183387 0.0437028
95 0.195434 0.0523124
96 0.177664 0.0542841
