1 0.250086 1
2 0.308852 1
3 0.269326 1
4 0.2492 0.997611
5 0.272776 0.996672
6 0.2439 0.944405
7 0.333792 0.971165
8 0.32101 0.903291
9 0.257275 0.775051
10 0.312342 0.837851
11 0.294337 0.8391
12 0.307292 0.804372
13 0.239082 0.529561
14 0.330796 0.740873
15 0.321037 0.629407
16 0.299854 0.621651
17 0.252345 0.401593
18 0.268217 0.609768
19 0.251605 0.372042
20 0.236276 0.374298
21 0.278801 -nan
22 0.262635 0.432047
23 0.246083 0.31894
24 0.249614 0.295859
25 0.301514 0.391586
26 0.255759 0.270355
27 0.325517 0.354646
28 0.257925 0.24709
29 0.318746 0.350308
30 0.249776 0.245932
31 0.255097 0.248488
32 0.292013 0.295646
33 0.3161 0.315103
34 0.249208 0.198024
35 0.246654 0.191253
36 0.273086 0.283662
37 0.301896 0.338909
38 0.249773 0.192402
39 0.25394 0.169097
40 0.253863 0.166535
41 0.246336 0.163292
42 0.263551 0.226359
43 0.299992 0.209067
