1 0.324108 1
2 0.290739 1
3 0.25308 1
4 0.276457 1
5 0.332325 0.994951
6 0.266308 0.976009
7 0.312696 0.959643
8 0.328821 0.930997
9 0.249886 0.739333
10 0.25162 0.835822
11 0.296446 0.83964
12 0.315824 0.837704
13 0.323608 0.680706
14 0.250126 0.554719
15 0.336233 0.651507
16 0.326913 0.780144
17 0.253106 0.353236
18 0.241913 0.395519
19 0.266785 0.511622
20 0.257063 0.319871
21 0.313247 0.461092
22 0.266276 0.435755
23 0.248641 0.284764
24 0.345688 0.526711
25 0.248383 0.36223
26 0.336684 0.400631
27 0.331987 0.355241
28 0.238985 0.257824
29 0.255646 0.267437
30 0.268271 0.309602
31 0.321135 0.326064
32 0.322985 0.31474
33 0.299434 0.285444
34 0.254163 0.263238
35 0.245035 0.217368
36 0.310335 0.273968
37 0.323114 0.235714
38 0.29781 0.255487
39 0.317785 0.256798
40 0.323471 0.228687
41 0.25774 0.180563
42 0.29156 0.225557
