1 0.254661 1
2 0.253424 1
3 0.25791 1
4 0.31786 1
5 0.257151 0.961425
6 0.246705 0.920232
7 0.216537 0.890533
8 0.304082 0.916875
9 0.223735 0.800488
10 0.243403 0.661469
11 0.293771 0.809014
12 0.297924 0.831542
13 0.312292 0.88506
14 0.245202 0.523
15 0.316351 0.700236
16 0.255151 0.415162
17 0.249187 0.36729
18 0.311524 0.567168
19 0.254427 0.367546
20 0.246819 0.340322
21 0.249754 0.32213
22 0.281514 0.435959
23 0.248867 0.310716
24 0.2427 0.32994
25 0.249063 0.267324
26 0.254081 0.311176
27 0.246474 0.251547
28 0.302388 0.327166
29 0.306617 0.316155
30 0.24816 0.231738
31 0.245684 0.223789
32 0.253439 0.230266
33 0.342061 0.300151
34 0.252762 0.237468
35 0.252532 0.276317
36 0.265631 0.273942
37 0.242498 0.172945
38 0.319598 0.252471
39 0.328266 0.229768
40 0.254206 0.155812
41 0.289366 0.220686
42 0.290315 0.215717
43 0.3115 0.194023
