1 0.246719 1
2 0.257519 1
3 0.256194 1
4 0.293769 1
5 0.302201 0.997216
6 0.253052 0.958337
7 0.3273 0.960448
8 0.295575 0.947307
9 0.277967 0.89482
10 0.256261 0.708453
11 0.322811 0.856964
12 0.284204 0.75801
13 0.244731 0.592293
14 0.24842 0.494999
15 0.337132 0.677
16 0.241665 0.389895
17 0.240505 0.371224
18 0.30922 0.537527
19 0.257675 0.380968
20 0.239652 0.351673
21 0.273121 0.431223
22 0.244323 0.287795
23 0.253453 0.300734
24 0.254055 0.28951
25 0.293724 0.369051
26 0.309876 0.362924
27 0.210646 0.354351
28 0.224224 0.231402
29 0.295705 0.351949
30 0.307574 0.329044
31 0.256101 0.212561
32 0.260138 0.294965
33 0.253165 0.240156
34 0.251564 0.177611
35 0.324569 0.320264
36 0.266005 0.269684
37 0.315282 0.261791
38 0.29353 0.248533
39 0.251096 0.181529
1 0.246719 1
2 0.257519 1
3 0.256194 1
4 0.293769 1
5 0.302201 0.997216
6 0.253052 0.958337
7 0.3273 0.960448
8 0.295575 0.947307
9 0.277967 0.89482
10 0.256261 0.708453
11 0.322811 0.856964
12 0.284204 0.75801
13 0.244731 0.592293
14 0.24842 0.494999
15 0.337132 0.677
16 0.241665 0.389895
17 0.240505 0.371224
18 0.30922 0.537527
19 0.257675 0.380968
20 0.239652 0.351673
21 0.273121 0.431223
22 0.244323 0.287795
23 0.253453 0.300734
24 0.254055 0.28951
25 0.293724 0.369051
26 0.309876 0.362924
27 0.210646 0.354351
28 0.224224 0.231402
29 0.295705 0.351949
30 0.307574 0.329044
31 0.256101 0.212561
32 0.260138 0.294965
33 0.253165 0.240156
34 0.251564 0.177611
35 0.324569 0.320264
36 0.266005 0.269684
37 0.315282 0.261791
38 0.29353 0.248533
39 0.251096 0.181529
40 0.282172 0.220795
1 0.254661 1
2 0.253424 1
3 0.25791 1
4 0.31786 1
5 0.257151 0.961425
6 0.246705 0.920232
7 0.216537 0.890533
8 0.304082 0.916875
9 0.223735 0.800488
10 0.243403 0.661469
11 0.293771 0.809014
12 0.297924 0.831542
13 0.312292 0.88506
14 0.245202 0.523
15 0.316351 0.700236
16 0.255151 0.415162
17 0.249187 0.36729
18 0.311524 0.567168
19 0.254427 0.367546
20 0.246819 0.340322
21 0.249754 0.32213
22 0.281514 0.435959
23 0.248867 0.310716
24 0.2427 0.32994
25 0.249063 0.267324
26 0.254081 0.311176
27 0.246474 0.251547
28 0.302388 0.327166
29 0.306617 0.316155
30 0.24816 0.231738
31 0.245684 0.223789
32 0.253439 0.230266
33 0.342061 0.300151
34 0.252762 0.237468
35 0.252532 0.276317
36 0.265631 0.273942
37 0.242498 0.172945
38 0.319598 0.252471
39 0.328266 0.229768
40 0.254206 0.155812
1 0.324108 1
2 0.290739 1
3 0.25308 1
4 0.276457 1
5 0.332325 0.994951
6 0.266308 0.976009
7 0.312696 0.959643
8 0.328821 0.930997
9 0.249886 0.739333
10 0.25162 0.835822
11 0.296446 0.83964
12 0.315824 0.837704
13 0.323608 0.680706
14 0.250126 0.554719
15 0.336233 0.651507
16 0.326913 0.780144
17 0.253106 0.353236
18 0.241913 0.395519
19 0.266785 0.511622
20 0.257063 0.319871
21 0.313247 0.461092
22 0.266276 0.435755
23 0.248641 0.284764
24 0.345688 0.526711
25 0.248383 0.36223
26 0.336684 0.400631
27 0.331987 0.355241
28 0.238985 0.257824
29 0.255646 0.267437
30 0.268271 0.309602
31 0.321135 0.326064
32 0.322985 0.31474
33 0.299434 0.285444
34 0.254163 0.263238
35 0.245035 0.217368
36 0.310335 0.273968
37 0.323114 0.235714
38 0.29781 0.255487
39 0.317785 0.256798
1 0.280874 1
2 0.259444 1
3 0.249028 1
4 0.244429 0.98771
5 0.313146 0.992902
6 0.24204 0.908297
7 0.241394 0.907143
8 0.257093 0.853414
9 0.271915 0.885981
10 0.325057 0.842562
11 0.26535 0.80202
12 0.291059 0.711363
13 0.256024 0.73932
14 0.241092 0.495531
15 0.289433 0.622123
16 0.327961 0.594445
17 0.282094 0.598667
18 0.34128 0.496697
19 0.297827 0.518104
20 0.255121 0.453433
21 0.316401 0.445831
22 0.274488 0.427554
23 0.262225 0.423654
24 0.279604 0.390418
25 0.255637 0.280503
26 0.301875 0.372013
27 0.254611 0.273277
28 0.244623 0.346952
29 0.252392 0.218017
30 0.341088 0.326994
31 0.248965 0.235053
32 0.30407 0.304725
33 0.243926 0.260639
34 0.251481 0.284196
35 0.239954 0.182466
36 0.313455 0.278546
37 0.254347 0.200345
38 0.297737 0.235544
39 0.256703 0.238449
1 0.250086 1
2 0.308852 1
3 0.269326 1
4 0.2492 0.997611
5 0.272776 0.996672
6 0.2439 0.944405
7 0.333792 0.971165
8 0.32101 0.903291
9 0.257275 0.775051
10 0.312342 0.837851
11 0.294337 0.8391
12 0.307292 0.804372
13 0.239082 0.529561
14 0.330796 0.740873
15 0.321037 0.629407
16 0.299854 0.621651
17 0.252345 0.401593
18 0.268217 0.609768
19 0.251605 0.372042
20 0.236276 0.374298
21 0.278801 -nan
22 0.262635 0.432047
23 0.246083 0.31894
24 0.249614 0.295859
25 0.301514 0.391586
26 0.255759 0.270355
27 0.325517 0.354646
28 0.257925 0.24709
29 0.318746 0.350308
30 0.249776 0.245932
31 0.255097 0.248488
32 0.292013 0.295646
33 0.3161 0.315103
34 0.249208 0.198024
35 0.246654 0.191253
36 0.273086 0.283662
37 0.301896 0.338909
38 0.249773 0.192402
39 0.25394 0.169097
40 0.253863 0.166535
1 0.295044 1
2 0.286521 1
3 0.256387 1
4 0.274019 1
5 0.291192 0.995884
6 0.324076 0.974203
7 0.304797 0.960914
8 0.251414 0.868997
9 0.319623 0.926797
10 0.263591 0.854554
11 0.25209 0.560051
12 0.308541 0.807607
13 0.246937 0.771993
14 0.292951 0.688676
15 0.242231 0.557093
16 0.287468 0.704282
17 0.320469 0.617456
18 0.321571 0.592514
19 0.253384 0.427853
20 0.255452 0.457867
21 0.251812 0.325656
22 0.267395 0.422785
23 0.326751 0.415434
24 0.280014 0.397728
25 0.280584 0.385102
26 0.24937 0.28948
27 0.249569 0.28859
28 0.255276 0.336549
29 0.320869 0.32816
30 0.264353 0.307326
31 0.251835 0.22877
32 0.335323 0.297629
33 0.295274 0.299504
34 0.273312 0.256892
35 0.32884 0.281423
36 0.331192 0.286804
37 0.256648 0.203041
38 0.250377 0.17062
39 0.308588 0.23175
1 0.32304 1
2 0.253238 1
3 0.25743 1
4 0.276001 1
5 0.251754 0.949479
6 0.279843 0.981186
7 0.278938 0.961467
8 0.31509 0.939174
9 0.245538 0.793428
10 0.276804 0.841334
11 0.24423 0.71009
12 0.32638 0.770883
13 0.316618 0.747154
14 0.324813 0.711219
15 0.289059 0.669887
16 0.249905 0.436662
17 0.270603 0.609947
18 0.244939 0.417295
19 0.22895 0.377716
20 0.246316 0.334341
21 0.245577 0.439623
22 0.257162 0.324694
23 0.25355 0.304773
24 0.2478 0.280938
25 0.288575 0.390879
26 0.246028 0.262972
27 0.252853 0.260481
28 0.254532 0.224632
29 0.31737 0.335544
30 0.323379 0.313507
31 0.311712 0.311252
32 0.312884 0.291157
33 0.249581 0.225677
34 0.258943 0.208347
35 0.251199 0.20928
36 0.249826 0.217056
37 0.24929 0.189476
38 0.255327 0.248442
39 0.24587 0.186138
40 0.328836 0.232876
